"DD05335178424"	1	"2025-09-03 12:30:00+00"	300	1456949	0	0	281767	244	245.2	20.027	20.405
"DD05335178424"	2	"2025-09-03 12:30:00+00"	300	0	1501257	271651	0	244	245.1	20.702	20.86
"DD05335178424"	3	"2025-09-03 12:30:00+00"	300	591	0	0	111	244.1	245.2	0	0
"DD05335178424"	4	"2025-09-03 12:30:00+00"	300	0	10	0	56	244.1	245.2	0	0
"DD05335178424"	5	"2025-09-03 12:30:00+00"	300	1	1	0	12	244.1	245.2	0	0
"DD05335178424"	6	"2025-09-03 12:30:00+00"	300	0	15	0	16	244.1	245.3	0	0
"DD05335178424"	1	"2025-09-03 12:35:00+00"	300	1473805	0	0	245955	243.8	245.1	19.482	20.485
"DD05335178424"	2	"2025-09-03 12:35:00+00"	300	0	1498399	262730	0	243.8	245	19.909	20.848
"DD05335178424"	3	"2025-09-03 12:35:00+00"	300	585	0	0	112	244	245.2	0	0
"DD05335178424"	4	"2025-09-03 12:35:00+00"	300	0	11	0	54	243.9	245.1	0	0
"DD05335178424"	5	"2025-09-03 12:35:00+00"	300	2	4	0	11	244	245.2	0	0
"DD05335178424"	6	"2025-09-03 12:35:00+00"	300	0	16	0	16	244	245.2	0	0
"DD05335178424"	1	"2025-09-03 12:40:00+00"	300	1478389	0	0	235964	243.4	245.2	20.361	20.514
"DD05335178424"	2	"2025-09-03 12:40:00+00"	300	0	1502740	252520	0	243.3	245.2	20.715	20.865
"DD05335178424"	3	"2025-09-03 12:40:00+00"	300	587	0	0	105	243.5	245.3	0	0
"DD05335178424"	4	"2025-09-03 12:40:00+00"	300	0	8	0	56	243.5	245.3	0	0
"DD05335178424"	5	"2025-09-03 12:40:00+00"	300	0	1	0	9	243.5	245.3	0	0
"DD05335178424"	6	"2025-09-03 12:40:00+00"	300	0	11	0	17	243.5	245.3	0	0
"DD05335178424"	1	"2025-09-03 12:45:00+00"	300	1474096	0	0	262884	244.6	245.2	19.424	20.427
"DD05335178424"	2	"2025-09-03 12:45:00+00"	300	0	1499219	279955	0	244.6	245.1	19.864	20.813
"DD05335178424"	3	"2025-09-03 12:45:00+00"	300	585	0	0	120	244.7	245.2	0	0
"DD05335178424"	4	"2025-09-03 12:45:00+00"	300	0	10	0	56	244.7	245.2	0	0
"DD05335178424"	5	"2025-09-03 12:45:00+00"	300	3	1	0	13	244.7	245.2	0	0
"DD05335178424"	6	"2025-09-03 12:45:00+00"	300	0	13	0	16	244.7	245.2	0	0
"DD05335178424"	1	"2025-09-03 12:50:00+00"	300	1478226	0	0	252726	244.4	245	20.325	20.512
"DD05335178424"	2	"2025-09-03 12:50:00+00"	300	0	1502969	269456	0	244.4	244.9	20.7	20.886
"DD05335178424"	3	"2025-09-03 12:50:00+00"	300	587	0	0	116	244.5	245	0	0
"DD05335178424"	4	"2025-09-03 12:50:00+00"	300	0	6	0	57	244.5	245	0	0
"DD05335178424"	5	"2025-09-03 12:50:00+00"	300	4	1	0	14	244.5	245	0	0
"DD05335178424"	6	"2025-09-03 12:50:00+00"	300	0	13	0	16	244.5	245	0	0
"DD05335178424"	1	"2025-09-03 12:55:00+00"	300	1443081	0	0	292035	244	245.8	17.216	20.326
"DD05335178424"	2	"2025-09-03 12:55:00+00"	300	0	1484234	289651	0	243.9	245.8	18.137	20.701
"DD05335178424"	3	"2025-09-03 12:55:00+00"	300	582	0	0	122	244.1	245.9	0	0
"DD05335178424"	4	"2025-09-03 12:55:00+00"	300	0	9	0	56	244	245.9	0	0
"DD05335178424"	5	"2025-09-03 12:55:00+00"	300	2	1	0	15	244	245.9	0	0
"DD05335178424"	6	"2025-09-03 12:55:00+00"	300	0	15	0	19	244.1	245.9	0	0
"DD05335178424"	1	"2025-09-03 13:00:00+00"	300	1427748	0	0	329856	244.3	245.8	19.803	20.014
"DD05335178424"	2	"2025-09-03 13:00:00+00"	300	0	1488353	299738	0	244.3	245.8	20.528	20.738
"DD05335178424"	3	"2025-09-03 13:00:00+00"	300	590	0	0	124	244.4	245.9	0	0
"DD05335178424"	4	"2025-09-03 13:00:00+00"	300	0	10	0	56	244.4	245.9	0	0
"DD05335178424"	5	"2025-09-03 13:00:00+00"	300	1	2	0	11	244.4	245.9	0	0
"DD05335178424"	6	"2025-09-03 13:00:00+00"	300	0	16	0	18	244.5	245.9	0	0
"DD05335178424"	1	"2025-09-03 13:05:00+00"	300	1429009	0	0	345586	245	245.7	16.726	20.203
"DD05335178424"	2	"2025-09-03 13:05:00+00"	300	0	1490070	315567	0	244.9	245.6	17.352	20.919
"DD05335178424"	3	"2025-09-03 13:05:00+00"	300	588	0	0	127	245	245.8	0	0
"DD05335178424"	4	"2025-09-03 13:05:00+00"	300	0	10	0	56	245	245.7	0	0
"DD05335178424"	5	"2025-09-03 13:05:00+00"	300	2	1	0	14	245	245.8	0	0
"DD05335178424"	6	"2025-09-03 13:05:00+00"	300	0	17	0	22	245	245.8	0	0
"DD05335178424"	1	"2025-09-03 13:10:00+00"	300	1447704	0	0	364784	245.3	246.7	20.172	20.302
"DD05335178424"	2	"2025-09-03 13:10:00+00"	300	0	1508940	334538	0	245.3	246.6	20.888	21.016
"DD05335178424"	3	"2025-09-03 13:10:00+00"	300	594	0	0	135	245.4	246.8	0	0
"DD05335178424"	4	"2025-09-03 13:10:00+00"	300	0	14	0	59	245.4	246.7	0	0
"DD05335178424"	5	"2025-09-03 13:10:00+00"	300	2	1	0	14	245.4	246.8	0	0
"DD05335178424"	6	"2025-09-03 13:10:00+00"	300	0	15	0	20	245.5	246.8	0	0
"DD05335178424"	1	"2025-09-03 13:15:00+00"	300	1435919	0	0	384601	246.1	247.4	19.871	20.347
"DD05335178424"	2	"2025-09-03 13:15:00+00"	300	0	1473447	390662	0	246.1	247.3	20.315	20.915
"DD05335178424"	3	"2025-09-03 13:15:00+00"	300	576	0	0	164	246.3	247.5	0	0
"DD05335178424"	4	"2025-09-03 13:15:00+00"	300	0	13	0	58	246.2	247.4	0	0
"DD05335178424"	5	"2025-09-03 13:15:00+00"	300	1	1	0	11	246.3	247.4	0	0
"DD05335178424"	6	"2025-09-03 13:15:00+00"	300	0	14	0	19	246.3	247.5	0	0
"DD05335178424"	1	"2025-09-03 13:20:00+00"	300	1416198	0	0	362657	246.1	247.4	16.954	19.911
"DD05335178424"	2	"2025-09-03 13:20:00+00"	300	0	1443576	382975	0	246	247.3	17.273	20.363
"DD05335178424"	3	"2025-09-03 13:20:00+00"	300	565	0	0	159	246.2	247.4	0	0
"DD05335178424"	4	"2025-09-03 13:20:00+00"	300	0	11	0	58	246.1	247.4	0	0
"DD05335178424"	5	"2025-09-03 13:20:00+00"	300	1	3	0	11	246.1	247.4	0	0
"DD05335178424"	6	"2025-09-03 13:20:00+00"	300	0	16	0	18	246.2	247.5	0	0
"DD05335178424"	1	"2025-09-03 13:25:00+00"	300	1406661	0	0	331908	245.6	246.7	19.521	19.661
"DD05335178424"	2	"2025-09-03 13:25:00+00"	300	0	1433095	351973	0	245.6	246.6	19.922	20.088
"DD05335178424"	3	"2025-09-03 13:25:00+00"	300	559	0	0	149	245.7	246.8	0	0
"DD05335178424"	4	"2025-09-03 13:25:00+00"	300	0	13	0	57	245.7	246.7	0	0
"DD05335178424"	5	"2025-09-03 13:25:00+00"	300	0	4	0	11	245.7	246.7	0	0
"DD05335178424"	6	"2025-09-03 13:25:00+00"	300	0	17	0	17	245.7	246.8	0	0
"DD05335178424"	1	"2025-09-03 13:30:00+00"	300	1399257	0	0	334234	246	246.5	19.535	19.674
"DD05335178424"	2	"2025-09-03 13:30:00+00"	300	0	1425668	354137	0	245.9	246.4	19.947	20.088
"DD05335178424"	3	"2025-09-03 13:30:00+00"	300	558	0	0	148	246.1	246.5	0	0
"DD05335178424"	4	"2025-09-03 13:30:00+00"	300	0	13	0	55	246	246.5	0	0
"DD05335178424"	5	"2025-09-03 13:30:00+00"	300	3	2	0	12	246	246.5	0	0
"DD05335178424"	6	"2025-09-03 13:30:00+00"	300	0	16	0	20	246.1	246.5	0	0
"DD05335178424"	1	"2025-09-03 13:35:00+00"	300	1419262	0	0	315099	245.5	246.3	19.523	19.885
"DD05335178424"	2	"2025-09-03 13:35:00+00"	300	0	1445328	334491	0	245.4	246.2	19.934	20.289
"DD05335178424"	3	"2025-09-03 13:35:00+00"	300	566	0	0	140	245.6	246.3	0	0
"DD05335178424"	4	"2025-09-03 13:35:00+00"	300	0	12	0	54	245.5	246.3	0	0
"DD05335178424"	5	"2025-09-03 13:35:00+00"	300	1	2	0	13	245.5	246.3	0	0
"DD05335178424"	6	"2025-09-03 13:35:00+00"	300	0	17	0	18	245.6	246.3	0	0
"DD05335178424"	1	"2025-09-03 13:40:00+00"	300	1406596	0	0	311192	244.2	245.8	18.855	19.926
"DD05335178424"	2	"2025-09-03 13:40:00+00"	300	0	1459568	293401	0	244.2	245.8	19.248	20.379
"DD05335178424"	3	"2025-09-03 13:40:00+00"	300	576	0	0	117	244.3	245.9	0	0
"DD05335178424"	4	"2025-09-03 13:40:00+00"	300	0	11	0	55	244.3	245.9	0	0
"DD05335178424"	5	"2025-09-03 13:40:00+00"	300	2	0	0	11	244.3	245.9	0	0
"DD05335178424"	6	"2025-09-03 13:40:00+00"	300	0	15	0	17	244.3	245.9	0	0
"DD05335178424"	1	"2025-09-03 13:45:00+00"	300	1386733	0	0	272794	244	244.7	19.147	19.504
"DD05335178424"	2	"2025-09-03 13:45:00+00"	300	0	1445596	243215	0	243.9	244.7	19.866	20.222
"DD05335178424"	3	"2025-09-03 13:45:00+00"	300	577	0	0	96	244.1	244.8	0	0
"DD05335178424"	4	"2025-09-03 13:45:00+00"	300	0	9	0	53	244	244.8	0	0
"DD05335178424"	5	"2025-09-03 13:45:00+00"	300	1	1	0	10	244	244.8	0	0
"DD05335178424"	6	"2025-09-03 13:45:00+00"	300	0	16	0	20	244.1	244.9	0	0
"DD05335178424"	1	"2025-09-03 13:50:00+00"	300	1338351	0	0	281956	244.1	245	15.639	19.558
"DD05335178424"	2	"2025-09-03 13:50:00+00"	300	0	1396863	253878	0	244.1	245	16.325	20.275
"DD05335178424"	3	"2025-09-03 13:50:00+00"	300	553	0	0	99	244.2	245.1	0	0
"DD05335178424"	4	"2025-09-03 13:50:00+00"	300	0	9	0	54	244.2	245.1	0	0
"DD05335178424"	5	"2025-09-03 13:50:00+00"	300	2	1	0	13	244.2	245.1	0	0
"DD05335178424"	6	"2025-09-03 13:50:00+00"	300	0	13	0	16	244.3	245.1	0	0
"DD05335178424"	1	"2025-09-03 13:55:00+00"	300	1339698	0	0	314001	244.5	245.6	17.489	19.062
"DD05335178424"	2	"2025-09-03 13:55:00+00"	300	0	1398619	286284	0	244.5	245.6	18.175	19.773
"DD05335178424"	3	"2025-09-03 13:55:00+00"	300	555	0	0	112	244.6	245.7	0	0
"DD05335178424"	4	"2025-09-03 13:55:00+00"	300	0	10	0	52	244.6	245.7	0	0
"DD05335178424"	5	"2025-09-03 13:55:00+00"	300	2	1	0	10	244.6	245.7	0	0
"DD05335178424"	6	"2025-09-03 13:55:00+00"	300	0	13	0	18	244.6	245.7	0	0
"DD05335178424"	1	"2025-09-03 14:00:00+00"	300	1362371	0	0	277141	244.5	245.7	18.574	19.134
"DD05335178424"	2	"2025-09-03 14:00:00+00"	300	0	1389595	293599	0	244.4	245.7	18.961	19.529
"DD05335178424"	3	"2025-09-03 14:00:00+00"	300	548	0	0	120	244.5	245.8	0	0
"DD05335178424"	4	"2025-09-03 14:00:00+00"	300	0	10	0	53	244.5	245.8	0	0
"DD05335178424"	5	"2025-09-03 14:00:00+00"	300	1	1	0	13	244.5	245.8	0	0
"DD05335178424"	6	"2025-09-03 14:00:00+00"	300	0	13	0	17	244.6	245.8	0	0
"DD05335178424"	1	"2025-09-03 14:05:00+00"	300	1327058	0	0	288580	245	246	18.275	18.585
"DD05335178424"	2	"2025-09-03 14:05:00+00"	300	0	1351654	310038	0	244.9	246	18.653	18.981
"DD05335178424"	3	"2025-09-03 14:05:00+00"	300	532	0	0	128	245.1	246.1	0	0
"DD05335178424"	4	"2025-09-03 14:05:00+00"	300	0	9	0	54	245	246.1	0	0
"DD05335178424"	5	"2025-09-03 14:05:00+00"	300	2	1	0	11	245	246.1	0	0
"DD05335178424"	6	"2025-09-03 14:05:00+00"	300	0	15	0	12	245.1	246.1	0	0
"DD05335178424"	1	"2025-09-03 14:10:00+00"	300	1299661	0	0	295687	245	246.2	17.948	18.308
"DD05335178424"	2	"2025-09-03 14:10:00+00"	300	0	1324235	318081	0	245	246.1	18.337	18.723
"DD05335178424"	3	"2025-09-03 14:10:00+00"	300	518	0	0	129	245.1	246.2	0	0
"DD05335178424"	4	"2025-09-03 14:10:00+00"	300	0	10	0	51	245.1	246.2	0	0
"DD05335178424"	5	"2025-09-03 14:10:00+00"	300	1	3	0	11	245.1	246.2	0	0
"DD05335178424"	6	"2025-09-03 14:10:00+00"	300	0	19	0	16	245.2	246.2	0	0
"DD05335178424"	1	"2025-09-03 14:15:00+00"	300	1182526	0	0	245393	242.6	245.4	4.487	18.289
"DD05335178424"	2	"2025-09-03 14:15:00+00"	300	0	1204725	270293	0	242.5	245.4	4.92	18.654
"DD05335178424"	3	"2025-09-03 14:15:00+00"	300	475	0	0	109	242.6	245.5	0	0
"DD05335178424"	4	"2025-09-03 14:15:00+00"	300	0	9	0	50	242.6	245.5	0	0
"DD05335178424"	5	"2025-09-03 14:15:00+00"	300	4	1	0	9	242.6	245.5	0	0
"DD05335178424"	6	"2025-09-03 14:15:00+00"	300	0	13	0	15	242.7	245.5	0	0
"DD05335178424"	1	"2025-09-03 14:20:00+00"	300	980104	0	0	216363	241	245.5	2.115	18.016
"DD05335178424"	2	"2025-09-03 14:20:00+00"	300	0	1001772	244756	0	241	245.5	2.557	18.4
"DD05335178424"	3	"2025-09-03 14:20:00+00"	300	397	0	0	92	241.1	245.6	0	0
"DD05335178424"	4	"2025-09-03 14:20:00+00"	300	0	10	0	40	241.1	245.6	0	0
"DD05335178424"	5	"2025-09-03 14:20:00+00"	300	3	2	1	10	241.1	245.6	0	0
"DD05335178424"	6	"2025-09-03 14:20:00+00"	300	0	16	0	13	241.2	245.6	0	0
"DD05335178424"	1	"2025-09-03 14:25:00+00"	300	137979	0	0	78086	240.9	242.3	1.953	2.685
"DD05335178424"	2	"2025-09-03 14:25:00+00"	300	0	181544	81234	0	240.9	242.2	2.463	3.254
"DD05335178424"	3	"2025-09-03 14:25:00+00"	300	85	0	4	0	241	242.3	0	0
"DD05335178424"	4	"2025-09-03 14:25:00+00"	300	0	6	0	6	241	242.3	0	0
"DD05335178424"	5	"2025-09-03 14:25:00+00"	300	3	0	1	2	241	242.3	0	0
"DD05335178424"	6	"2025-09-03 14:25:00+00"	300	0	11	1	2	241	242.3	0	0
"DD05335178424"	1	"2025-09-03 14:30:00+00"	300	1174004	0	0	290246	241.2	246	3.531	17.953
"DD05335178424"	2	"2025-09-03 14:30:00+00"	300	0	1231822	266948	0	241.1	246	4.12	18.663
"DD05335178424"	3	"2025-09-03 14:30:00+00"	300	492	0	0	101	241.3	246.1	0	0
"DD05335178424"	4	"2025-09-03 14:30:00+00"	300	0	8	0	47	241.2	246.1	0	0
"DD05335178424"	5	"2025-09-03 14:30:00+00"	300	1	2	0	10	241.3	246.1	0	0
"DD05335178424"	6	"2025-09-03 14:30:00+00"	300	0	16	0	18	241.3	246.1	0	0
"DD05335178424"	1	"2025-09-03 14:35:00+00"	300	1207583	0	0	363745	245.5	246.3	16.742	17.497
"DD05335178424"	2	"2025-09-03 14:35:00+00"	300	0	1267334	340241	0	245.5	246.3	17.425	18.195
"DD05335178424"	3	"2025-09-03 14:35:00+00"	300	504	0	0	131	245.6	246.4	0	0
"DD05335178424"	4	"2025-09-03 14:35:00+00"	300	0	14	0	49	245.6	246.4	0	0
"DD05335178424"	5	"2025-09-03 14:35:00+00"	300	1	2	0	12	245.6	246.4	0	0
"DD05335178424"	6	"2025-09-03 14:35:00+00"	300	0	17	0	15	245.6	246.4	0	0
"DD05335178424"	1	"2025-09-03 14:40:00+00"	300	1157569	0	0	360251	245.6	246.5	16.223	16.758
"DD05335178424"	2	"2025-09-03 14:40:00+00"	300	0	1214992	340121	0	245.5	246.4	16.901	17.444
"DD05335178424"	3	"2025-09-03 14:40:00+00"	300	484	0	0	127	245.6	246.5	0	0
"DD05335178424"	4	"2025-09-03 14:40:00+00"	300	0	11	0	45	245.6	246.5	0	0
"DD05335178424"	5	"2025-09-03 14:40:00+00"	300	1	3	0	10	245.6	246.5	0	0
"DD05335178424"	6	"2025-09-03 14:40:00+00"	300	0	13	0	13	245.6	246.5	0	0
"DD05335178424"	1	"2025-09-03 14:45:00+00"	300	1151312	0	0	289821	245.1	246.4	15.844	16.46
"DD05335178424"	2	"2025-09-03 14:45:00+00"	300	0	1174493	316370	0	245	246.3	16.249	16.87
"DD05335178424"	3	"2025-09-03 14:45:00+00"	300	465	0	0	127	245.2	246.4	0	0
"DD05335178424"	4	"2025-09-03 14:45:00+00"	300	0	9	0	44	245.1	246.4	0	0
"DD05335178424"	5	"2025-09-03 14:45:00+00"	300	0	2	0	10	245.1	246.4	0	0
"DD05335178424"	6	"2025-09-03 14:45:00+00"	300	0	16	0	15	245.2	246.4	0	0
"DD05335178424"	1	"2025-09-03 14:50:00+00"	300	1117789	0	0	249102	244.1	245.5	15.327	15.844
"DD05335178424"	2	"2025-09-03 14:50:00+00"	300	0	1139544	275970	0	244	245.4	15.702	16.236
"DD05335178424"	3	"2025-09-03 14:50:00+00"	300	452	0	0	109	244.1	245.5	0	0
"DD05335178424"	4	"2025-09-03 14:50:00+00"	300	0	8	0	44	244	245.5	0	0
"DD05335178424"	5	"2025-09-03 14:50:00+00"	300	1	2	0	12	244	245.5	0	0
"DD05335178424"	6	"2025-09-03 14:50:00+00"	300	0	13	0	12	244.1	245.6	0	0
"DD05335178424"	1	"2025-09-03 14:55:00+00"	300	1092204	0	0	244302	244.5	245.2	15.065	15.413
"DD05335178424"	2	"2025-09-03 14:55:00+00"	300	0	1113626	271807	0	244.4	245.2	15.42	15.787
"DD05335178424"	3	"2025-09-03 14:55:00+00"	300	443	0	0	104	244.6	245.3	0	0
"DD05335178424"	4	"2025-09-03 14:55:00+00"	300	0	8	0	42	244.5	245.3	0	0
"DD05335178424"	5	"2025-09-03 14:55:00+00"	300	1	1	0	7	244.5	245.3	0	0
"DD05335178424"	6	"2025-09-03 14:55:00+00"	300	0	13	0	10	244.6	245.3	0	0
"DD05335178424"	1	"2025-09-03 15:00:00+00"	300	1062944	0	0	236822	244.2	245.2	14.594	15.068
"DD05335178424"	2	"2025-09-03 15:00:00+00"	300	0	1083919	265025	0	244.1	245.1	14.948	15.433
"DD05335178424"	3	"2025-09-03 15:00:00+00"	300	431	0	0	103	244.3	245.3	0	0
"DD05335178424"	4	"2025-09-03 15:00:00+00"	300	0	9	0	41	244.2	245.3	0	0
"DD05335178424"	5	"2025-09-03 15:00:00+00"	300	2	2	0	7	244.3	245.3	0	0
"DD05335178424"	6	"2025-09-03 15:00:00+00"	300	0	15	0	10	244.3	245.3	0	0
"DD05335178424"	1	"2025-09-03 15:05:00+00"	300	1021021	0	0	256191	244.3	245.3	11.652	14.665
"DD05335178424"	2	"2025-09-03 15:05:00+00"	300	0	1050462	275893	0	244.3	245.2	14.535	15.038
"DD05335178424"	3	"2025-09-03 15:05:00+00"	300	418	0	0	104	244.4	245.3	0	0
"DD05335178424"	4	"2025-09-03 15:05:00+00"	300	0	8	0	38	244.4	245.3	0	0
"DD05335178424"	5	"2025-09-03 15:05:00+00"	300	1	2	0	7	244.4	245.3	0	0
"DD05335178424"	6	"2025-09-03 15:05:00+00"	300	0	14	0	11	244.5	245.3	0	0
"DD05335178424"	1	"2025-09-03 15:10:00+00"	300	964017	0	0	296101	244.7	245.3	13.509	13.95
"DD05335178424"	2	"2025-09-03 15:10:00+00"	300	0	1020019	278534	0	244.6	245.3	14.173	14.609
"DD05335178424"	3	"2025-09-03 15:10:00+00"	300	415	0	0	98	244.8	245.4	0	0
"DD05335178424"	4	"2025-09-03 15:10:00+00"	300	0	10	0	42	244.7	245.4	0	0
"DD05335178424"	5	"2025-09-03 15:10:00+00"	300	3	0	0	8	244.7	245.4	0	0
"DD05335178424"	6	"2025-09-03 15:10:00+00"	300	0	14	0	15	244.8	245.4	0	0
"DD05335178424"	1	"2025-09-03 15:15:00+00"	300	929939	0	0	257998	243.2	244.9	12.753	13.544
"DD05335178424"	2	"2025-09-03 15:15:00+00"	300	0	984826	240994	0	243.2	244.8	13.416	14.21
"DD05335178424"	3	"2025-09-03 15:15:00+00"	300	401	0	0	82	243.3	245	0	0
"DD05335178424"	4	"2025-09-03 15:15:00+00"	300	0	10	0	37	243.3	244.9	0	0
"DD05335178424"	5	"2025-09-03 15:15:00+00"	300	3	1	0	7	243.3	245	0	0
"DD05335178424"	6	"2025-09-03 15:15:00+00"	300	0	12	0	11	243.3	245	0	0
"DD05335178424"	1	"2025-09-03 15:20:00+00"	300	895455	0	0	167511	242.2	243.4	12.244	12.746
"DD05335178424"	2	"2025-09-03 15:20:00+00"	300	0	947031	150773	0	242.2	243.3	12.901	13.401
"DD05335178424"	3	"2025-09-03 15:20:00+00"	300	385	0	0	49	242.3	243.4	0	0
"DD05335178424"	4	"2025-09-03 15:20:00+00"	300	0	4	0	38	242.3	243.4	0	0
"DD05335178424"	5	"2025-09-03 15:20:00+00"	300	2	0	0	5	242.3	243.4	0	0
"DD05335178424"	6	"2025-09-03 15:20:00+00"	300	0	12	0	13	242.3	243.4	0	0
"DD05335178424"	1	"2025-09-03 15:25:00+00"	300	865105	0	0	155575	241.7	243.7	11.904	12.282
"DD05335178424"	2	"2025-09-03 15:25:00+00"	300	0	913585	142676	0	241.7	243.6	12.553	12.929
"DD05335178424"	3	"2025-09-03 15:25:00+00"	300	376	0	0	44	241.8	243.8	0	0
"DD05335178424"	4	"2025-09-03 15:25:00+00"	300	0	5	0	36	241.8	243.8	0	0
"DD05335178424"	5	"2025-09-03 15:25:00+00"	300	4	1	0	6	241.8	243.7	0	0
"DD05335178424"	6	"2025-09-03 15:25:00+00"	300	0	12	0	11	241.8	243.8	0	0
"DD05335178424"	1	"2025-09-03 15:30:00+00"	300	864192	0	0	111468	241.8	243.8	11.635	12.257
"DD05335178424"	2	"2025-09-03 15:30:00+00"	300	0	880012	143206	0	241.8	243.7	11.909	12.593
"DD05335178424"	3	"2025-09-03 15:30:00+00"	300	356	0	0	50	241.9	243.8	0	0
"DD05335178424"	4	"2025-09-03 15:30:00+00"	300	0	5	0	35	241.9	243.8	0	0
"DD05335178424"	5	"2025-09-03 15:30:00+00"	300	3	1	0	5	241.9	243.8	0	0
"DD05335178424"	6	"2025-09-03 15:30:00+00"	300	0	9	0	9	241.9	243.8	0	0
"DD05335178424"	1	"2025-09-03 15:35:00+00"	300	827861	0	0	57124	240.9	242.4	11.184	11.681
"DD05335178424"	2	"2025-09-03 15:35:00+00"	300	0	841906	88992	0	240.9	242.3	11.406	11.935
"DD05335178424"	3	"2025-09-03 15:35:00+00"	300	344	0	0	26	241	242.4	0	0
"DD05335178424"	4	"2025-09-03 15:35:00+00"	300	0	3	0	33	241	242.4	0	0
"DD05335178424"	5	"2025-09-03 15:35:00+00"	300	4	0	0	7	241	242.4	0	0
"DD05335178424"	6	"2025-09-03 15:35:00+00"	300	0	9	0	11	241	242.4	0	0
"DD05335178424"	1	"2025-09-03 15:40:00+00"	300	792561	0	0	86075	241.7	243.6	10.777	11.192
"DD05335178424"	2	"2025-09-03 15:40:00+00"	300	0	807032	119360	0	241.6	243.5	11.038	11.427
"DD05335178424"	3	"2025-09-03 15:40:00+00"	300	328	0	0	39	241.8	243.7	0	0
"DD05335178424"	4	"2025-09-03 15:40:00+00"	300	1	1	0	31	241.7	243.6	0	0
"DD05335178424"	5	"2025-09-03 15:40:00+00"	300	1	0	1	4	241.7	243.6	0	0
"DD05335178424"	6	"2025-09-03 15:40:00+00"	300	0	11	0	9	241.8	243.7	0	0
"DD05335178424"	1	"2025-09-03 15:45:00+00"	300	772992	0	0	102912	241.6	243.7	10.452	11.039
"DD05335178424"	2	"2025-09-03 15:45:00+00"	300	0	787800	136997	0	241.5	243.6	10.687	11.35
"DD05335178424"	3	"2025-09-03 15:45:00+00"	300	324	0	0	42	241.6	243.7	0	0
"DD05335178424"	4	"2025-09-03 15:45:00+00"	300	0	4	0	32	241.6	243.7	0	0
"DD05335178424"	5	"2025-09-03 15:45:00+00"	300	3	1	1	4	241.6	243.7	0	0
"DD05335178424"	6	"2025-09-03 15:45:00+00"	300	0	12	0	8	241.6	243.8	0	0
"DD05335178424"	1	"2025-09-03 15:50:00+00"	300	726182	0	0	59479	241.1	242.4	9.485	10.482
"DD05335178424"	2	"2025-09-03 15:50:00+00"	300	0	749509	81936	0	241	242.4	10.124	10.723
"DD05335178424"	3	"2025-09-03 15:50:00+00"	300	307	0	0	20	241.1	242.5	0	0
"DD05335178424"	4	"2025-09-03 15:50:00+00"	300	0	3	0	31	241.1	242.5	0	0
"DD05335178424"	5	"2025-09-03 15:50:00+00"	300	3	2	0	6	241.1	242.5	0	0
"DD05335178424"	6	"2025-09-03 15:50:00+00"	300	0	12	0	8	241.2	242.5	0	0
"DD05335178424"	1	"2025-09-03 15:55:00+00"	300	666781	0	0	91002	241.1	242.2	9.073	9.544
"DD05335178424"	2	"2025-09-03 15:55:00+00"	300	0	714525	79755	0	241.1	242.1	9.7	10.169
"DD05335178424"	3	"2025-09-03 15:55:00+00"	300	298	0	0	12	241.2	242.2	0	0
"DD05335178424"	4	"2025-09-03 15:55:00+00"	300	1	3	0	25	241.2	242.2	0	0
"DD05335178424"	5	"2025-09-03 15:55:00+00"	300	2	0	0	5	241.2	242.2	0	0
"DD05335178424"	6	"2025-09-03 15:55:00+00"	300	0	11	0	5	241.2	242.2	0	0
"DD05335178424"	1	"2025-09-03 16:00:00+00"	300	633539	0	0	108709	241.3	242.9	8.689	9.062
"DD05335178424"	2	"2025-09-03 16:00:00+00"	300	0	681748	98494	0	241.3	242.8	9.319	9.696
"DD05335178424"	3	"2025-09-03 16:00:00+00"	300	286	0	0	18	241.4	242.9	0	0
"DD05335178424"	4	"2025-09-03 16:00:00+00"	300	0	4	0	25	241.4	242.9	0	0
"DD05335178424"	5	"2025-09-03 16:00:00+00"	300	2	3	0	4	241.4	242.9	0	0
"DD05335178424"	6	"2025-09-03 16:00:00+00"	300	0	10	0	5	241.5	243	0	0
"DD05335178424"	1	"2025-09-03 16:05:00+00"	300	594313	0	0	126549	241.6	242.8	7.968	8.741
"DD05335178424"	2	"2025-09-03 16:05:00+00"	300	0	642244	117658	0	241.5	242.7	8.586	9.37
"DD05335178424"	3	"2025-09-03 16:05:00+00"	300	270	0	0	21	241.7	242.8	0	0
"DD05335178424"	4	"2025-09-03 16:05:00+00"	300	0	6	0	24	241.6	242.8	0	0
"DD05335178424"	5	"2025-09-03 16:05:00+00"	300	1	2	0	2	241.6	242.8	0	0
"DD05335178424"	6	"2025-09-03 16:05:00+00"	300	0	11	0	6	241.7	242.9	0	0
"DD05335178424"	1	"2025-09-03 16:10:00+00"	300	544774	0	0	121122	241.3	242.9	6.754	7.979
"DD05335178424"	2	"2025-09-03 16:10:00+00"	300	0	590941	114742	0	241.2	242.8	7.345	8.597
"DD05335178424"	3	"2025-09-03 16:10:00+00"	300	247	0	0	22	241.4	242.9	0	0
"DD05335178424"	4	"2025-09-03 16:10:00+00"	300	0	5	0	21	241.3	242.9	0	0
"DD05335178424"	5	"2025-09-03 16:10:00+00"	300	2	0	1	4	241.4	242.9	0	0
"DD05335178424"	6	"2025-09-03 16:10:00+00"	300	0	11	0	5	241.4	242.9	0	0
"DD05335178424"	1	"2025-09-03 16:15:00+00"	300	518875	0	0	32203	241	241.9	6.366	7.643
"DD05335178424"	2	"2025-09-03 16:15:00+00"	300	0	529603	72193	0	240.9	241.9	6.54	7.871
"DD05335178424"	3	"2025-09-03 16:15:00+00"	300	221	0	0	10	241.1	242	0	0
"DD05335178424"	4	"2025-09-03 16:15:00+00"	300	1	3	0	20	241	241.9	0	0
"DD05335178424"	5	"2025-09-03 16:15:00+00"	300	3	0	0	3	241	241.9	0	0
"DD05335178424"	6	"2025-09-03 16:15:00+00"	300	0	10	0	5	241.1	242	0	0
"DD05335178424"	1	"2025-09-03 16:20:00+00"	300	457961	0	982	23147	240.6	241.8	5.767	6.886
"DD05335178424"	2	"2025-09-03 16:20:00+00"	300	0	467894	63692	0	240.5	241.7	5.969	7.061
"DD05335178424"	3	"2025-09-03 16:20:00+00"	300	196	0	0	7	240.7	241.9	0	0
"DD05335178424"	4	"2025-09-03 16:20:00+00"	300	1	0	0	18	240.6	241.8	0	0
"DD05335178424"	5	"2025-09-03 16:20:00+00"	300	3	0	1	3	240.6	241.8	0	0
"DD05335178424"	6	"2025-09-03 16:20:00+00"	300	0	8	0	4	240.7	241.9	0	0
"DD05335178424"	1	"2025-09-03 16:25:00+00"	300	403362	0	2805	24343	240	242	4.967	6.099
"DD05335178424"	2	"2025-09-03 16:25:00+00"	300	0	412811	64598	0	240	242	5.178	6.241
"DD05335178424"	3	"2025-09-03 16:25:00+00"	300	175	0	2	6	240.1	242.1	0	0
"DD05335178424"	4	"2025-09-03 16:25:00+00"	300	1	2	0	15	240.1	242.1	0	0
"DD05335178424"	5	"2025-09-03 16:25:00+00"	300	2	1	0	1	240	242.1	0	0
"DD05335178424"	6	"2025-09-03 16:25:00+00"	300	0	8	0	3	240.1	242.1	0	0
"DD05335178424"	1	"2025-09-03 16:30:00+00"	300	329547	0	0	60608	241.2	242.9	3.736	5.397
"DD05335178424"	2	"2025-09-03 16:30:00+00"	300	0	339451	106312	0	241.1	242.9	4.107	5.648
"DD05335178424"	3	"2025-09-03 16:30:00+00"	300	145	0	0	18	241.2	243	0	0
"DD05335178424"	4	"2025-09-03 16:30:00+00"	300	0	3	0	15	241.2	243	0	0
"DD05335178424"	5	"2025-09-03 16:30:00+00"	300	3	2	1	1	241.2	243	0	0
"DD05335178424"	6	"2025-09-03 16:30:00+00"	300	0	12	0	4	241.3	243	0	0
"DD05335178424"	1	"2025-09-03 16:35:00+00"	300	237345	0	0	110149	242.4	243.7	2.882	4.284
"DD05335178424"	2	"2025-09-03 16:35:00+00"	300	0	257509	147525	0	242.3	243.6	3.405	4.748
"DD05335178424"	3	"2025-09-03 16:35:00+00"	300	110	0	0	34	242.4	243.8	0	0
"DD05335178424"	4	"2025-09-03 16:35:00+00"	300	0	6	0	12	242.4	243.7	0	0
"DD05335178424"	5	"2025-09-03 16:35:00+00"	300	4	0	1	2	242.4	243.7	0	0
"DD05335178424"	6	"2025-09-03 16:35:00+00"	300	0	11	1	2	242.4	243.8	0	0
"DD05335178424"	1	"2025-09-03 16:40:00+00"	300	142459	0	0	122481	242	242.9	1.806	3.182
"DD05335178424"	2	"2025-09-03 16:40:00+00"	300	0	186908	125958	0	241.9	242.9	2.279	3.692
"DD05335178424"	3	"2025-09-03 16:40:00+00"	300	89	0	0	16	242	243	0	0
"DD05335178424"	4	"2025-09-03 16:40:00+00"	300	0	5	1	9	242	243	0	0
"DD05335178424"	5	"2025-09-03 16:40:00+00"	300	4	0	2	1	242	243	0	0
"DD05335178424"	6	"2025-09-03 16:40:00+00"	300	0	11	1	1	242.1	243	0	0
"DD05335178424"	1	"2025-09-03 16:45:00+00"	300	93036	0	0	69664	240.8	242.7	1.208	2.412
"DD05335178424"	2	"2025-09-03 16:45:00+00"	300	0	135730	73992	0	240.7	242.6	1.748	2.904
"DD05335178424"	3	"2025-09-03 16:45:00+00"	300	67	0	9	3	240.8	242.7	0	0
"DD05335178424"	4	"2025-09-03 16:45:00+00"	300	0	3	0	5	240.8	242.7	0	0
"DD05335178424"	5	"2025-09-03 16:45:00+00"	300	4	1	2	1	240.8	242.7	0	0
"DD05335178424"	6	"2025-09-03 16:45:00+00"	300	0	8	1	1	240.9	242.7	0	0
"DD05335178424"	1	"2025-09-03 16:50:00+00"	300	65300	0	459	22448	239.5	241.7	0.628	1.448
"DD05335178424"	2	"2025-09-03 16:50:00+00"	300	0	105899	26758	0	239.5	241.6	1.093	1.948
"DD05335178424"	3	"2025-09-03 16:50:00+00"	300	59	0	23	0	239.6	241.7	0	0
"DD05335178424"	4	"2025-09-03 16:50:00+00"	300	1	1	0	4	239.6	241.7	0	0
"DD05335178424"	5	"2025-09-03 16:50:00+00"	300	4	1	2	1	239.6	241.7	0	0
"DD05335178424"	6	"2025-09-03 16:50:00+00"	300	0	8	1	2	239.6	241.8	0	0
"DD05335178424"	1	"2025-09-03 16:55:00+00"	300	41803	0	2981	7982	238.9	241.6	0.568	1.047
"DD05335178424"	2	"2025-09-03 16:55:00+00"	300	0	80138	11927	0	238.9	241.6	1.03	1.435
"DD05335178424"	3	"2025-09-03 16:55:00+00"	300	47	0	34	0	239	241.7	0	0
"DD05335178424"	4	"2025-09-03 16:55:00+00"	300	0	1	0	4	239	241.7	0	0
"DD05335178424"	5	"2025-09-03 16:55:00+00"	300	2	2	4	2	238.9	241.6	0	0
"DD05335178424"	6	"2025-09-03 16:55:00+00"	300	0	11	2	1	239	241.7	0	0
"DD05335178424"	1	"2025-09-03 17:00:00+00"	300	62186	0	26819	1154	239.9	241.7	0.879	1.198
"DD05335178424"	2	"2025-09-03 17:00:00+00"	300	0	67443	25903	0	239.9	241.7	0.891	1.552
"DD05335178424"	3	"2025-09-03 17:00:00+00"	300	37	0	20	0	240	241.8	0	0
"DD05335178424"	4	"2025-09-03 17:00:00+00"	300	2	1	0	5	240	241.8	0	0
"DD05335178424"	5	"2025-09-03 17:00:00+00"	300	4	1	3	0	240	241.8	0	0
"DD05335178424"	6	"2025-09-03 17:00:00+00"	300	0	10	2	0	240	241.9	0	0
"DD05335178424"	1	"2025-09-03 17:05:00+00"	300	52137	0	40183	0	239.6	241.2	0.816	1.064
"DD05335178424"	2	"2025-09-03 17:05:00+00"	300	0	56899	11371	0	239.6	241.1	0.764	1.004
"DD05335178424"	3	"2025-09-03 17:05:00+00"	300	36	0	25	0	239.7	241.2	0	0
"DD05335178424"	4	"2025-09-03 17:05:00+00"	300	0	2	1	1	239.7	241.2	0	0
"DD05335178424"	5	"2025-09-03 17:05:00+00"	300	4	1	3	1	239.6	241.2	0	0
"DD05335178424"	6	"2025-09-03 17:05:00+00"	300	0	10	2	1	239.7	241.2	0	0
"DD05335178424"	1	"2025-09-03 17:10:00+00"	300	45574	0	39754	0	239.2	241.2	0.702	1.033
"DD05335178424"	2	"2025-09-03 17:10:00+00"	300	0	50286	11907	0	239.1	241.1	0.678	0.981
"DD05335178424"	3	"2025-09-03 17:10:00+00"	300	30	0	27	0	239.2	241.2	0	0
"DD05335178424"	4	"2025-09-03 17:10:00+00"	300	3	1	1	1	239.2	241.2	0	0
"DD05335178424"	5	"2025-09-03 17:10:00+00"	300	5	0	5	1	239.2	241.2	0	0
"DD05335178424"	6	"2025-09-03 17:10:00+00"	300	0	9	2	2	239.2	241.2	0	0
"DD05335178424"	1	"2025-09-03 17:15:00+00"	300	39050	0	18046	432	240.1	241.5	0.598	0.877
"DD05335178424"	2	"2025-09-03 17:15:00+00"	300	0	44306	34660	0	240.1	241.4	0.685	1.06
"DD05335178424"	3	"2025-09-03 17:15:00+00"	300	25	0	18	0	240.2	241.5	0	0
"DD05335178424"	4	"2025-09-03 17:15:00+00"	300	0	2	1	2	240.2	241.5	0	0
"DD05335178424"	5	"2025-09-03 17:15:00+00"	300	4	1	4	0	240.1	241.5	0	0
"DD05335178424"	6	"2025-09-03 17:15:00+00"	300	0	9	3	0	240.2	241.5	0	0
"DD05335178424"	1	"2025-09-03 17:20:00+00"	300	25411	2990	6171	24455	240.5	242.2	0.547	1.408
"DD05335178424"	2	"2025-09-03 17:20:00+00"	300	0	38157	60269	0	240.5	242.1	0.634	1.556
"DD05335178424"	3	"2025-09-03 17:20:00+00"	300	21	0	10	1	240.6	242.2	0	0
"DD05335178424"	4	"2025-09-03 17:20:00+00"	300	0	1	0	4	240.6	242.2	0	0
"DD05335178424"	5	"2025-09-03 17:20:00+00"	300	4	1	3	0	240.5	242.2	0	0
"DD05335178424"	6	"2025-09-03 17:20:00+00"	300	0	9	3	1	240.6	242.2	0	0
"DD05335178424"	1	"2025-09-03 17:25:00+00"	300	0	9379	0	43815	240.8	241.6	0.484	0.956
"DD05335178424"	2	"2025-09-03 17:25:00+00"	300	0	31526	50804	0	240.7	241.5	0.686	1.086
"DD05335178424"	3	"2025-09-03 17:25:00+00"	300	27	0	20	0	240.8	241.6	0	0
"DD05335178424"	4	"2025-09-03 17:25:00+00"	300	2	1	1	1	240.8	241.6	0	0
"DD05335178424"	5	"2025-09-03 17:25:00+00"	300	4	1	7	1	240.8	241.6	0	0
"DD05335178424"	6	"2025-09-03 17:25:00+00"	300	0	8	3	1	240.8	241.7	0	0
"DD05335178424"	1	"2025-09-03 17:30:00+00"	300	0	15544	217	23148	240	241.8	0.361	1.125
"DD05335178424"	2	"2025-09-03 17:30:00+00"	300	0	24815	29789	0	239.9	241.7	0.372	1.199
"DD05335178424"	3	"2025-09-03 17:30:00+00"	300	23	0	26	0	240	241.8	0	0
"DD05335178424"	4	"2025-09-03 17:30:00+00"	300	1	1	1	0	240	241.8	0	0
"DD05335178424"	5	"2025-09-03 17:30:00+00"	300	3	0	3	1	240	241.8	0	0
"DD05335178424"	6	"2025-09-03 17:30:00+00"	300	0	7	4	0	240.1	241.9	0	0
"DD05335178424"	1	"2025-09-03 17:35:00+00"	300	0	22431	0	40511	240.7	241.6	0.553	1.009
"DD05335178424"	2	"2025-09-03 17:35:00+00"	300	0	17858	47794	0	240.6	241.5	0.545	1.074
"DD05335178424"	3	"2025-09-03 17:35:00+00"	300	21	0	22	0	240.7	241.6	0	0
"DD05335178424"	4	"2025-09-03 17:35:00+00"	300	0	1	1	3	240.7	241.6	0	0
"DD05335178424"	5	"2025-09-03 17:35:00+00"	300	5	0	1	1	240.7	241.6	0	0
"DD05335178424"	6	"2025-09-03 17:35:00+00"	300	0	10	4	0	240.8	241.7	0	0
"DD05335178424"	1	"2025-09-03 17:40:00+00"	300	0	27193	0	56866	241.2	242.2	0.543	1.271
"DD05335178424"	2	"2025-09-03 17:40:00+00"	300	0	9875	69079	0	241.1	242.1	0.747	1.38
"DD05335178424"	3	"2025-09-03 17:40:00+00"	300	17	0	12	0	241.2	242.2	0	0
"DD05335178424"	4	"2025-09-03 17:40:00+00"	300	2	2	1	1	241.2	242.2	0	0
"DD05335178424"	5	"2025-09-03 17:40:00+00"	300	2	3	1	0	241.2	242.2	0	0
"DD05335178424"	6	"2025-09-03 17:40:00+00"	300	0	8	2	1	241.2	242.2	0	0
"DD05335178424"	1	"2025-09-03 17:45:00+00"	300	0	2693	7131	13936	240.8	242	0.361	0.759
"DD05335178424"	2	"2025-09-03 17:45:00+00"	300	6	2924	60674	33	240.7	241.9	0	1.305
"DD05335178424"	3	"2025-09-03 17:45:00+00"	300	8	0	8	0	240.8	242.1	0	0
"DD05335178424"	4	"2025-09-03 17:45:00+00"	300	2	0	0	3	240.8	242	0	0
"DD05335178424"	5	"2025-09-03 17:45:00+00"	300	4	1	1	1	240.8	242	0	0
"DD05335178424"	6	"2025-09-03 17:45:00+00"	300	0	9	2	2	240.9	242.1	0	0
"DD05335178424"	1	"2025-09-03 17:50:00+00"	300	0	4028	53554	0	240.2	241.4	0.755	0.759
"DD05335178424"	2	"2025-09-03 17:50:00+00"	300	89	0	0	506	240.1	241.4	0	0
"DD05335178424"	3	"2025-09-03 17:50:00+00"	300	10	0	31	0	240.2	241.5	0	0
"DD05335178424"	4	"2025-09-03 17:50:00+00"	300	3	2	0	3	240.2	241.4	0	0
"DD05335178424"	5	"2025-09-03 17:50:00+00"	300	5	1	4	1	240.2	241.4	0	0
"DD05335178424"	6	"2025-09-03 17:50:00+00"	300	0	7	1	1	240.3	241.5	0	0
"DD05335178424"	1	"2025-09-03 17:55:00+00"	300	0	4031	53733	0	240.4	241.7	0.756	0.761
"DD05335178424"	2	"2025-09-03 17:55:00+00"	300	90	0	0	506	240.3	241.6	0	0
"DD05335178424"	3	"2025-09-03 17:55:00+00"	300	12	0	33	0	240.4	241.7	0	0
"DD05335178424"	4	"2025-09-03 17:55:00+00"	300	1	1	1	3	240.4	241.7	0	0
"DD05335178424"	5	"2025-09-03 17:55:00+00"	300	3	2	3	0	240.4	241.7	0	0
"DD05335178424"	6	"2025-09-03 17:55:00+00"	300	0	8	2	1	240.5	241.7	0	0
"DD05335178424"	1	"2025-09-03 18:00:00+00"	300	0	5070	54128	0	241.2	242.7	0.761	0.769
"DD05335178424"	2	"2025-09-03 18:00:00+00"	300	1135	0	0	456	241.1	242.6	0	0.062
"DD05335178424"	3	"2025-09-03 18:00:00+00"	300	9	0	34	0	241.2	242.7	0	0
"DD05335178424"	4	"2025-09-03 18:00:00+00"	300	3	0	1	3	241.2	242.7	0	0
"DD05335178424"	5	"2025-09-03 18:00:00+00"	300	1	1	4	0	241.2	242.7	0	0
"DD05335178424"	6	"2025-09-03 18:00:00+00"	300	0	8	2	0	241.2	242.7	0	0
"DD05335178424"	1	"2025-09-03 18:05:00+00"	300	0	16327	42362	220	240.2	242.4	0.598	0.777
"DD05335178424"	2	"2025-09-03 18:05:00+00"	300	1880	0	0	470	240.1	242.3	0.04	0.074
"DD05335178424"	3	"2025-09-03 18:05:00+00"	300	11	0	38	0	240.3	242.4	0	0
"DD05335178424"	4	"2025-09-03 18:05:00+00"	300	2	1	2	1	240.2	242.4	0	0
"DD05335178424"	5	"2025-09-03 18:05:00+00"	300	3	1	4	0	240.2	242.4	0	0
"DD05335178424"	6	"2025-09-03 18:05:00+00"	300	0	9	1	0	240.3	242.4	0	0
"DD05335178424"	1	"2025-09-03 18:10:00+00"	300	0	41250	7744	0	239.6	241.3	0.599	0.622
"DD05335178424"	2	"2025-09-03 18:10:00+00"	300	2081	0	0	446	239.5	241.2	0.046	0.08
"DD05335178424"	3	"2025-09-03 18:10:00+00"	300	12	0	42	0	239.6	241.3	0	0
"DD05335178424"	4	"2025-09-03 18:10:00+00"	300	2	0	2	2	239.6	241.3	0	0
"DD05335178424"	5	"2025-09-03 18:10:00+00"	300	2	1	5	0	239.6	241.3	0	0
"DD05335178424"	6	"2025-09-03 18:10:00+00"	300	0	9	3	1	239.6	241.4	0	0
"DD05335178424"	1	"2025-09-03 18:15:00+00"	300	0	41261	7822	0	240.2	241.7	0.6	0.615
"DD05335178424"	2	"2025-09-03 18:15:00+00"	300	2009	0	0	457	240.1	241.6	0.048	0.06
"DD05335178424"	3	"2025-09-03 18:15:00+00"	300	12	0	43	0	240.2	241.7	0	0
"DD05335178424"	4	"2025-09-03 18:15:00+00"	300	4	0	1	1	240.2	241.7	0	0
"DD05335178424"	5	"2025-09-03 18:15:00+00"	300	3	0	4	0	240.2	241.6	0	0
"DD05335178424"	6	"2025-09-03 18:15:00+00"	300	0	9	5	0	240.2	241.7	0	0
"DD05335178424"	1	"2025-09-03 18:20:00+00"	300	0	40691	7946	0	239.5	241.6	0.594	0.609
"DD05335178424"	2	"2025-09-03 18:20:00+00"	300	1990	0	0	465	239.4	241.6	0.048	0.055
"DD05335178424"	3	"2025-09-03 18:20:00+00"	300	14	0	45	0	239.5	241.7	0	0
"DD05335178424"	4	"2025-09-03 18:20:00+00"	300	3	1	0	1	239.5	241.7	0	0
"DD05335178424"	5	"2025-09-03 18:20:00+00"	300	2	0	5	1	239.5	241.6	0	0
"DD05335178424"	6	"2025-09-03 18:20:00+00"	300	0	9	3	0	239.5	241.7	0	0
"DD05335178424"	1	"2025-09-03 18:25:00+00"	300	0	33043	17427	0	238.7	240.5	0.592	0.766
"DD05335178424"	2	"2025-09-03 18:25:00+00"	300	1986	0	0	437	238.7	240.5	0.048	0.054
"DD05335178424"	3	"2025-09-03 18:25:00+00"	300	11	0	42	0	238.8	240.6	0	0
"DD05335178424"	4	"2025-09-03 18:25:00+00"	300	1	2	1	0	238.7	240.6	0	0
"DD05335178424"	5	"2025-09-03 18:25:00+00"	300	3	0	3	0	238.7	240.5	0	0
"DD05335178424"	6	"2025-09-03 18:25:00+00"	300	0	8	6	0	238.8	240.6	0	0
"DD05335178424"	1	"2025-09-03 18:30:00+00"	300	0	5903	53206	0	239.1	240.7	0.759	0.766
"DD05335178424"	2	"2025-09-03 18:30:00+00"	300	1989	0	0	453	239	240.7	0.049	0.054
"DD05335178424"	3	"2025-09-03 18:30:00+00"	300	7	0	33	0	239.1	240.8	0	0
"DD05335178424"	4	"2025-09-03 18:30:00+00"	300	2	0	2	1	239.1	240.8	0	0
"DD05335178424"	5	"2025-09-03 18:30:00+00"	300	5	1	3	0	239.1	240.7	0	0
"DD05335178424"	6	"2025-09-03 18:30:00+00"	300	0	10	4	0	239.1	240.8	0	0
"DD05335178424"	1	"2025-09-03 18:35:00+00"	300	0	5886	53104	0	238.1	241.9	0.757	0.773
"DD05335178424"	2	"2025-09-03 18:35:00+00"	300	1987	0	0	459	238	241.9	0.048	0.053
"DD05335178424"	3	"2025-09-03 18:35:00+00"	300	9	0	35	0	238.2	242	0	0
"DD05335178424"	4	"2025-09-03 18:35:00+00"	300	4	0	1	0	238.1	242	0	0
"DD05335178424"	5	"2025-09-03 18:35:00+00"	300	2	0	4	0	238.1	241.9	0	0
"DD05335178424"	6	"2025-09-03 18:35:00+00"	300	0	6	3	0	238.2	242	0	0
"DD05335178424"	1	"2025-09-03 18:40:00+00"	300	0	5917	53731	0	240.1	242.2	0.764	0.772
"DD05335178424"	2	"2025-09-03 18:40:00+00"	300	1991	0	0	432	240	242.2	0.049	0.054
"DD05335178424"	3	"2025-09-03 18:40:00+00"	300	8	0	34	0	240.1	242.3	0	0
"DD05335178424"	4	"2025-09-03 18:40:00+00"	300	3	0	0	0	240.1	242.3	0	0
"DD05335178424"	5	"2025-09-03 18:40:00+00"	300	5	0	3	0	240.1	242.2	0	0
"DD05335178424"	6	"2025-09-03 18:40:00+00"	300	0	6	3	0	240.1	242.3	0	0
"DD05335178424"	1	"2025-09-03 18:45:00+00"	300	0	5914	53958	0	240	242.9	0.763	0.772
"DD05335178424"	2	"2025-09-03 18:45:00+00"	300	1990	0	0	457	239.9	242.8	0.048	0.054
"DD05335178424"	3	"2025-09-03 18:45:00+00"	300	10	0	32	0	240.1	242.9	0	0
"DD05335178424"	4	"2025-09-03 18:45:00+00"	300	1	1	1	1	240	242.9	0	0
"DD05335178424"	5	"2025-09-03 18:45:00+00"	300	4	0	2	0	240	242.9	0	0
"DD05335178424"	6	"2025-09-03 18:45:00+00"	300	0	8	2	0	240.1	242.9	0	0
"DD05335178424"	1	"2025-09-03 18:50:00+00"	300	0	19301	38563	164	240.6	243.2	0.587	0.773
"DD05335178424"	2	"2025-09-03 18:50:00+00"	300	1993	0	0	444	240.5	243.1	0.048	0.056
"DD05335178424"	3	"2025-09-03 18:50:00+00"	300	10	0	37	0	240.7	243.2	0	0
"DD05335178424"	4	"2025-09-03 18:50:00+00"	300	2	0	2	3	240.6	243.2	0	0
"DD05335178424"	5	"2025-09-03 18:50:00+00"	300	3	1	2	2	240.6	243.2	0	0
"DD05335178424"	6	"2025-09-03 18:50:00+00"	300	0	5	1	1	240.7	243.3	0	0
"DD05335178424"	1	"2025-09-03 18:55:00+00"	300	0	41265	7979	0	242.4	243.3	0.596	0.611
"DD05335178424"	2	"2025-09-03 18:55:00+00"	300	1993	0	0	470	242.3	243.2	0.047	0.053
"DD05335178424"	3	"2025-09-03 18:55:00+00"	300	12	0	44	0	242.5	243.3	0	0
"DD05335178424"	4	"2025-09-03 18:55:00+00"	300	1	2	0	3	242.4	243.3	0	0
"DD05335178424"	5	"2025-09-03 18:55:00+00"	300	3	0	4	1	242.4	243.3	0	0
"DD05335178424"	6	"2025-09-03 18:55:00+00"	300	0	4	4	1	242.5	243.4	0	0
"DD05335178424"	1	"2025-09-03 19:00:00+00"	300	0	41206	7930	0	242	243.6	0.596	0.611
"DD05335178424"	2	"2025-09-03 19:00:00+00"	300	1992	0	0	475	241.9	243.6	0.047	0.054
"DD05335178424"	3	"2025-09-03 19:00:00+00"	300	12	0	41	0	242	243.7	0	0
"DD05335178424"	4	"2025-09-03 19:00:00+00"	300	2	2	0	1	242	243.7	0	0
"DD05335178424"	5	"2025-09-03 19:00:00+00"	300	3	0	3	1	242	243.6	0	0
"DD05335178424"	6	"2025-09-03 19:00:00+00"	300	0	7	3	3	242.1	243.7	0	0
"DD05335178424"	1	"2025-09-03 19:05:00+00"	300	0	40754	8076	0	242.2	244.6	0.589	0.611
"DD05335178424"	2	"2025-09-03 19:05:00+00"	300	1990	0	0	465	242.1	244.5	0.047	0.053
"DD05335178424"	3	"2025-09-03 19:05:00+00"	300	16	0	41	0	242.2	244.6	0	0
"DD05335178424"	4	"2025-09-03 19:05:00+00"	300	2	0	0	3	242.2	244.6	0	0
"DD05335178424"	5	"2025-09-03 19:05:00+00"	300	4	0	4	0	242.2	244.6	0	0
"DD05335178424"	6	"2025-09-03 19:05:00+00"	300	0	7	3	2	242.2	244.7	0	0
"DD05335178424"	1	"2025-09-03 19:10:00+00"	300	0	27377	25737	0	242.8	244.5	0.588	0.78
"DD05335178424"	2	"2025-09-03 19:10:00+00"	300	1994	0	0	430	242.7	244.4	0.048	0.054
"DD05335178424"	3	"2025-09-03 19:10:00+00"	300	12	0	40	0	242.9	244.5	0	0
"DD05335178424"	4	"2025-09-03 19:10:00+00"	300	1	0	1	1	242.9	244.5	0	0
"DD05335178424"	5	"2025-09-03 19:10:00+00"	300	4	1	2	0	242.8	244.5	0	0
"DD05335178424"	6	"2025-09-03 19:10:00+00"	300	0	9	2	0	242.9	244.5	0	0
"DD05335178424"	1	"2025-09-03 19:15:00+00"	300	0	5971	54823	0	242.8	244.2	0.773	0.782
"DD05335178424"	2	"2025-09-03 19:15:00+00"	300	1996	0	0	410	242.8	244.2	0.049	0.054
"DD05335178424"	3	"2025-09-03 19:15:00+00"	300	8	0	34	0	242.9	244.3	0	0
"DD05335178424"	4	"2025-09-03 19:15:00+00"	300	2	0	0	2	242.9	244.3	0	0
"DD05335178424"	5	"2025-09-03 19:15:00+00"	300	3	0	3	0	242.8	244.2	0	0
"DD05335178424"	6	"2025-09-03 19:15:00+00"	300	0	9	2	0	242.9	244.3	0	0
"DD05335178424"	1	"2025-09-03 19:20:00+00"	300	0	5934	54241	0	241.7	243	0.769	0.774
"DD05335178424"	2	"2025-09-03 19:20:00+00"	300	1990	0	0	412	241.6	242.9	0.05	0.055
"DD05335178424"	3	"2025-09-03 19:20:00+00"	300	8	0	35	0	241.8	243	0	0
"DD05335178424"	4	"2025-09-03 19:20:00+00"	300	2	1	1	1	241.7	243	0	0
"DD05335178424"	5	"2025-09-03 19:20:00+00"	300	3	0	2	1	241.7	243	0	0
"DD05335178424"	6	"2025-09-03 19:20:00+00"	300	0	9	4	0	241.8	243.1	0	0
"DD05335178424"	1	"2025-09-03 19:25:00+00"	300	0	5929	54169	0	242	242.8	0.77	0.774
"DD05335178424"	2	"2025-09-03 19:25:00+00"	300	1991	0	0	392	241.9	242.7	0.05	0.055
"DD05335178424"	3	"2025-09-03 19:25:00+00"	300	7	0	34	0	242	242.8	0	0
"DD05335178424"	4	"2025-09-03 19:25:00+00"	300	4	0	0	1	242	242.8	0	0
"DD05335178424"	5	"2025-09-03 19:25:00+00"	300	5	1	5	0	242	242.8	0	0
"DD05335178424"	6	"2025-09-03 19:25:00+00"	300	0	10	3	1	242	242.8	0	0
"DD05335178424"	1	"2025-09-03 19:30:00+00"	300	0	5931	54263	0	241.7	243.5	0.768	0.776
"DD05335178424"	2	"2025-09-03 19:30:00+00"	300	1991	0	0	402	241.6	243.5	0.049	0.055
"DD05335178424"	3	"2025-09-03 19:30:00+00"	300	10	0	39	0	241.7	243.6	0	0
"DD05335178424"	4	"2025-09-03 19:30:00+00"	300	2	1	3	2	241.7	243.6	0	0
"DD05335178424"	5	"2025-09-03 19:30:00+00"	300	3	0	3	1	241.7	243.5	0	0
"DD05335178424"	6	"2025-09-03 19:30:00+00"	300	0	6	2	0	241.7	243.6	0	0
"DD05335178424"	1	"2025-09-03 19:35:00+00"	300	0	23826	32640	0	242.3	243.8	0.591	0.777
"DD05335178424"	2	"2025-09-03 19:35:00+00"	300	1994	0	0	453	242.3	243.7	0.049	0.056
"DD05335178424"	3	"2025-09-03 19:35:00+00"	300	12	0	43	0	242.4	243.8	0	0
"DD05335178424"	4	"2025-09-03 19:35:00+00"	300	2	1	2	2	242.4	243.8	0	0
"DD05335178424"	5	"2025-09-03 19:35:00+00"	300	4	0	5	1	242.3	243.8	0	0
"DD05335178424"	6	"2025-09-03 19:35:00+00"	300	0	8	5	0	242.4	243.8	0	0
"DD05335178424"	1	"2025-09-03 19:40:00+00"	300	0	41220	8034	0	242	243.2	0.593	0.609
"DD05335178424"	2	"2025-09-03 19:40:00+00"	300	1992	0	0	473	241.9	243.1	0.049	0.057
"DD05335178424"	3	"2025-09-03 19:40:00+00"	300	14	0	45	0	242	243.2	0	0
"DD05335178424"	4	"2025-09-03 19:40:00+00"	300	4	1	2	0	242	243.2	0	0
"DD05335178424"	5	"2025-09-03 19:40:00+00"	300	4	0	5	0	242	243.2	0	0
"DD05335178424"	6	"2025-09-03 19:40:00+00"	300	0	8	4	1	242	243.2	0	0
"DD05335178424"	1	"2025-09-03 19:45:00+00"	300	0	41011	8095	0	241	242.5	0.595	0.61
"DD05335178424"	2	"2025-09-03 19:45:00+00"	300	1992	0	0	523	240.9	242.4	0.049	0.055
"DD05335178424"	3	"2025-09-03 19:45:00+00"	300	11	0	43	0	241	242.5	0	0
"DD05335178424"	4	"2025-09-03 19:45:00+00"	300	2	0	2	1	241	242.5	0	0
"DD05335178424"	5	"2025-09-03 19:45:00+00"	300	5	0	2	0	241	242.5	0	0
"DD05335178424"	6	"2025-09-03 19:45:00+00"	300	0	8	2	1	241	242.5	0	0
"DD05335178424"	1	"2025-09-03 19:50:00+00"	300	0	40376	8024	0	239.6	241.6	0.59	0.6
"DD05335178424"	2	"2025-09-03 19:50:00+00"	300	1991	0	0	500	239.6	241.5	0.049	0.056
"DD05335178424"	3	"2025-09-03 19:50:00+00"	300	12	0	42	0	239.7	241.6	0	0
"DD05335178424"	4	"2025-09-03 19:50:00+00"	300	2	0	3	1	239.7	241.6	0	0
"DD05335178424"	5	"2025-09-03 19:50:00+00"	300	2	0	3	0	239.6	241.6	0	0
"DD05335178424"	6	"2025-09-03 19:50:00+00"	300	0	9	2	0	239.7	241.6	0	0
"DD05335178424"	1	"2025-09-03 19:55:00+00"	300	0	18899	36407	0	240.2	241.1	0.587	0.767
"DD05335178424"	2	"2025-09-03 19:55:00+00"	300	1991	0	0	495	240.1	241	0.048	0.056
"DD05335178424"	3	"2025-09-03 19:55:00+00"	300	9	0	40	0	240.2	241.1	0	0
"DD05335178424"	4	"2025-09-03 19:55:00+00"	300	0	0	1	2	240.2	241.1	0	0
"DD05335178424"	5	"2025-09-03 19:55:00+00"	300	5	0	2	1	240.1	241	0	0
"DD05335178424"	6	"2025-09-03 19:55:00+00"	300	0	9	0	1	240.2	241.1	0	0
"DD05335178424"	1	"2025-09-03 20:00:00+00"	300	0	5929	54091	0	240.8	242.1	0.765	0.771
"DD05335178424"	2	"2025-09-03 20:00:00+00"	300	1988	0	0	484	240.7	242	0.048	0.054
"DD05335178424"	3	"2025-09-03 20:00:00+00"	300	8	0	35	0	240.9	242.2	0	0
"DD05335178424"	4	"2025-09-03 20:00:00+00"	300	2	1	1	3	240.8	242.1	0	0
"DD05335178424"	5	"2025-09-03 20:00:00+00"	300	5	1	2	1	240.8	242.1	0	0
"DD05335178424"	6	"2025-09-03 20:00:00+00"	300	0	9	0	0	240.9	242.2	0	0
"DD05335178424"	1	"2025-09-03 20:05:00+00"	300	0	5926	54124	0	241.4	242.7	0.768	0.778
"DD05335178424"	2	"2025-09-03 20:05:00+00"	300	1988	0	0	458	241.3	242.6	0.048	0.054
"DD05335178424"	3	"2025-09-03 20:05:00+00"	300	8	0	35	0	241.4	242.7	0	0
"DD05335178424"	4	"2025-09-03 20:05:00+00"	300	1	1	1	2	241.3	242.7	0	0
"DD05335178424"	5	"2025-09-03 20:05:00+00"	300	4	0	4	0	241.3	242.6	0	0
"DD05335178424"	6	"2025-09-03 20:05:00+00"	300	0	7	1	1	241.4	242.7	0	0
"DD05335178424"	1	"2025-09-03 20:10:00+00"	300	0	5928	54417	0	242.2	242.9	0.77	0.778
"DD05335178424"	2	"2025-09-03 20:10:00+00"	300	1990	0	0	467	242.1	242.8	0.048	0.053
"DD05335178424"	3	"2025-09-03 20:10:00+00"	300	8	0	35	0	242.2	242.9	0	0
"DD05335178424"	4	"2025-09-03 20:10:00+00"	300	3	0	0	2	242.2	242.9	0	0
"DD05335178424"	5	"2025-09-03 20:10:00+00"	300	6	0	3	1	242.2	242.9	0	0
"DD05335178424"	6	"2025-09-03 20:10:00+00"	300	0	10	1	2	242.3	242.9	0	0
"DD05335178424"	1	"2025-09-03 20:15:00+00"	300	0	5921	54347	0	242.1	242.9	0.768	0.776
"DD05335178424"	2	"2025-09-03 20:15:00+00"	300	1993	0	0	464	242	242.8	0.048	0.056
"DD05335178424"	3	"2025-09-03 20:15:00+00"	300	7	0	38	0	242.1	242.9	0	0
"DD05335178424"	4	"2025-09-03 20:15:00+00"	300	3	1	1	1	242.1	242.9	0	0
"DD05335178424"	5	"2025-09-03 20:15:00+00"	300	5	2	5	0	242.1	242.9	0	0
"DD05335178424"	6	"2025-09-03 20:15:00+00"	300	0	11	1	1	242.2	242.9	0	0
"DD05335178424"	1	"2025-09-03 20:20:00+00"	300	0	30787	23380	0	242.2	243	0.587	0.772
"DD05335178424"	2	"2025-09-03 20:20:00+00"	300	1991	0	0	504	242.1	242.9	0.048	0.052
"DD05335178424"	3	"2025-09-03 20:20:00+00"	300	11	0	43	0	242.2	243	0	0
"DD05335178424"	4	"2025-09-03 20:20:00+00"	300	2	1	0	1	242.2	243	0	0
"DD05335178424"	5	"2025-09-03 20:20:00+00"	300	3	1	3	0	242.1	242.9	0	0
"DD05335178424"	6	"2025-09-03 20:20:00+00"	300	0	11	2	0	242.2	243	0	0
"DD05335178424"	1	"2025-09-03 20:25:00+00"	300	0	41105	8002	0	241.7	243	0.596	0.608
"DD05335178424"	2	"2025-09-03 20:25:00+00"	300	1989	0	0	485	241.7	242.9	0.048	0.055
"DD05335178424"	3	"2025-09-03 20:25:00+00"	300	13	0	45	0	241.8	243	0	0
"DD05335178424"	4	"2025-09-03 20:25:00+00"	300	2	1	1	2	241.8	243	0	0
"DD05335178424"	5	"2025-09-03 20:25:00+00"	300	4	2	5	0	241.7	243	0	0
"DD05335178424"	6	"2025-09-03 20:25:00+00"	300	0	7	2	1	241.8	243.1	0	0
"DD05335178424"	1	"2025-09-03 20:30:00+00"	300	0	40817	8055	0	242.2	243.1	0.589	0.604
"DD05335178424"	2	"2025-09-03 20:30:00+00"	300	1988	0	0	507	242.1	243	0.047	0.054
"DD05335178424"	3	"2025-09-03 20:30:00+00"	300	14	0	45	0	242.2	243.1	0	0
"DD05335178424"	4	"2025-09-03 20:30:00+00"	300	1	1	3	1	242.2	243.1	0	0
"DD05335178424"	5	"2025-09-03 20:30:00+00"	300	3	0	3	0	242.2	243.1	0	0
"DD05335178424"	6	"2025-09-03 20:30:00+00"	300	0	10	5	1	242.3	243.1	0	0
"DD05335178424"	1	"2025-09-03 20:35:00+00"	300	0	40345	8138	0	242.3	244.2	0.584	0.601
"DD05335178424"	2	"2025-09-03 20:35:00+00"	300	1991	0	0	513	242.2	244.1	0.048	0.053
"DD05335178424"	3	"2025-09-03 20:35:00+00"	300	13	0	48	0	242.3	244.3	0	0
"DD05335178424"	4	"2025-09-03 20:35:00+00"	300	1	0	1	1	242.3	244.3	0	0
"DD05335178424"	5	"2025-09-03 20:35:00+00"	300	3	0	2	1	242.3	244.2	0	0
"DD05335178424"	6	"2025-09-03 20:35:00+00"	300	0	8	3	0	242.3	244.3	0	0
"DD05335178424"	1	"2025-09-03 20:40:00+00"	300	0	9611	50019	0	242.4	244.9	0.583	0.78
"DD05335178424"	2	"2025-09-03 20:40:00+00"	300	1996	0	0	489	242.3	244.8	0.047	0.056
"DD05335178424"	3	"2025-09-03 20:40:00+00"	300	8	22928	37	127	242.5	244.9	0	7.856
"DD05335178424"	4	"2025-09-03 20:40:00+00"	300	1	1	3	0	242.4	244.9	0	0
"DD05335178424"	5	"2025-09-03 20:40:00+00"	300	3	1	5	0	242.4	244.9	0	0
"DD05335178424"	6	"2025-09-03 20:40:00+00"	300	0	11	3	1	242.5	244.9	0	0
"DD05335178424"	1	"2025-09-03 20:45:00+00"	300	0	5366	54570	0	242.2	243.1	0.769	0.775
"DD05335178424"	2	"2025-09-03 20:45:00+00"	300	2088	0	0	493	242.1	243.1	0.049	0.054
"DD05335178424"	3	"2025-09-03 20:45:00+00"	300	0	565156	0	3247	242.2	243.2	7.745	7.782
"DD05335178424"	4	"2025-09-03 20:45:00+00"	300	4	0	7	0	242.2	243.2	0	0
"DD05335178424"	5	"2025-09-03 20:45:00+00"	300	4	1	3	1	242.2	243.1	0	0
"DD05335178424"	6	"2025-09-03 20:45:00+00"	300	0	9	5	0	242.2	243.2	0	0
"DD05335178424"	1	"2025-09-03 20:50:00+00"	300	0	5361	54424	0	241.9	243.4	0.768	0.774
"DD05335178424"	2	"2025-09-03 20:50:00+00"	300	2087	0	0	461	241.8	243.3	0.049	0.055
"DD05335178424"	3	"2025-09-03 20:50:00+00"	300	0	564238	0	3260	241.9	243.4	7.736	7.781
"DD05335178424"	4	"2025-09-03 20:50:00+00"	300	3	0	5	0	241.9	243.4	0	0
"DD05335178424"	5	"2025-09-03 20:50:00+00"	300	4	0	7	0	241.9	243.4	0	0
"DD05335178424"	6	"2025-09-03 20:50:00+00"	300	0	6	6	0	242	243.4	0	0
"DD05335178424"	1	"2025-09-03 20:55:00+00"	300	0	5369	54868	0	242.9	244.2	0.772	0.777
"DD05335178424"	2	"2025-09-03 20:55:00+00"	300	2091	0	0	477	242.8	244.1	0.048	0.054
"DD05335178424"	3	"2025-09-03 20:55:00+00"	300	0	568179	0	3309	242.9	244.2	7.763	7.802
"DD05335178424"	4	"2025-09-03 20:55:00+00"	300	3	0	6	0	242.9	244.2	0	0
"DD05335178424"	5	"2025-09-03 20:55:00+00"	300	4	0	2	0	242.8	244.1	0	0
"DD05335178424"	6	"2025-09-03 20:55:00+00"	300	0	5	4	0	242.9	244.2	0	0
"DD05335178424"	1	"2025-09-03 21:00:00+00"	300	0	5362	54920	0	242.7	244.3	0.772	0.776
"DD05335178424"	2	"2025-09-03 21:00:00+00"	300	2090	0	0	483	242.6	244.2	0.048	0.053
"DD05335178424"	3	"2025-09-03 21:00:00+00"	300	0	568670	0	3312	242.7	244.3	7.757	7.806
"DD05335178424"	4	"2025-09-03 21:00:00+00"	300	2	0	7	0	242.7	244.3	0	0
"DD05335178424"	5	"2025-09-03 21:00:00+00"	300	6	0	4	0	242.7	244.3	0	0
"DD05335178424"	6	"2025-09-03 21:00:00+00"	300	0	8	5	0	242.7	244.3	0	0
"DD05335178424"	1	"2025-09-03 21:05:00+00"	300	0	39129	11765	135	241.1	244.2	0.581	0.776
"DD05335178424"	2	"2025-09-03 21:05:00+00"	300	2084	0	0	487	241	244.1	0.048	0.054
"DD05335178424"	3	"2025-09-03 21:05:00+00"	300	0	541922	1	3135	241.1	244.2	0	7.801
"DD05335178424"	4	"2025-09-03 21:05:00+00"	300	2	0	6	0	241.1	244.2	0	0
"DD05335178424"	5	"2025-09-03 21:05:00+00"	300	5	0	4	0	241	244.2	0	0
"DD05335178424"	6	"2025-09-03 21:05:00+00"	300	0	7	5	1	241.1	244.2	0	0
"DD05335178424"	1	"2025-09-03 21:10:00+00"	300	0	41079	7950	0	242.5	243.4	0.596	0.605
"DD05335178424"	2	"2025-09-03 21:10:00+00"	300	1992	0	0	476	242.5	243.3	0.048	0.053
"DD05335178424"	3	"2025-09-03 21:10:00+00"	300	12	0	44	0	242.6	243.4	0	0
"DD05335178424"	4	"2025-09-03 21:10:00+00"	300	2	0	1	1	242.6	243.4	0	0
"DD05335178424"	5	"2025-09-03 21:10:00+00"	300	4	0	3	1	242.5	243.4	0	0
"DD05335178424"	6	"2025-09-03 21:10:00+00"	300	0	9	1	1	242.6	243.5	0	0
"DD05335178424"	1	"2025-09-03 21:15:00+00"	300	0	40708	8102	0	242.7	246.1	0.586	0.604
"DD05335178424"	2	"2025-09-03 21:15:00+00"	300	1993	0	0	479	242.6	246	0.047	0.055
"DD05335178424"	3	"2025-09-03 21:15:00+00"	300	14	0	46	0	242.7	246.1	0	0
"DD05335178424"	4	"2025-09-03 21:15:00+00"	300	3	0	1	2	242.7	246.1	0	0
"DD05335178424"	5	"2025-09-03 21:15:00+00"	300	3	0	5	0	242.6	246	0	0
"DD05335178424"	6	"2025-09-03 21:15:00+00"	300	0	9	2	1	242.7	246.1	0	0
"DD05335178424"	1	"2025-09-03 21:20:00+00"	300	0	32436	19028	0	244.4	245.9	0.583	0.78
"DD05335178424"	2	"2025-09-03 21:20:00+00"	300	1992	0	0	495	244.3	245.8	0.047	0.054
"DD05335178424"	3	"2025-09-03 21:20:00+00"	300	13	0	43	0	244.4	245.9	0	0
"DD05335178424"	4	"2025-09-03 21:20:00+00"	300	2	1	0	2	244.4	245.9	0	0
"DD05335178424"	5	"2025-09-03 21:20:00+00"	300	3	0	4	0	244.4	245.8	0	0
"DD05335178424"	6	"2025-09-03 21:20:00+00"	300	0	8	3	1	244.4	245.9	0	0
"DD05335178424"	1	"2025-09-03 21:25:00+00"	300	0	5956	55424	0	244.1	245.1	0.776	0.781
"DD05335178424"	2	"2025-09-03 21:25:00+00"	300	1991	0	0	499	244	245.1	0.047	0.052
"DD05335178424"	3	"2025-09-03 21:25:00+00"	300	7	0	36	0	244.1	245.1	0	0
"DD05335178424"	4	"2025-09-03 21:25:00+00"	300	2	1	1	2	244.1	245.1	0	0
"DD05335178424"	5	"2025-09-03 21:25:00+00"	300	3	0	4	0	244	245.1	0	0
"DD05335178424"	6	"2025-09-03 21:25:00+00"	300	0	12	0	1	244.1	245.2	0	0
"DD05335178424"	1	"2025-09-03 21:30:00+00"	300	0	5952	55659	0	244.5	245.7	0.776	0.784
"DD05335178424"	2	"2025-09-03 21:30:00+00"	300	1988	0	0	500	244.5	245.6	0.046	0.053
"DD05335178424"	3	"2025-09-03 21:30:00+00"	300	7	0	39	0	244.6	245.7	0	0
"DD05335178424"	4	"2025-09-03 21:30:00+00"	300	4	0	0	3	244.6	245.8	0	0
"DD05335178424"	5	"2025-09-03 21:30:00+00"	300	4	1	4	1	244.5	245.7	0	0
"DD05335178424"	6	"2025-09-03 21:30:00+00"	300	0	11	2	0	244.6	245.8	0	0
"DD05335178424"	1	"2025-09-03 21:35:00+00"	300	0	5950	55682	0	244.7	245.9	0.777	0.783
"DD05335178424"	2	"2025-09-03 21:35:00+00"	300	1993	0	0	516	244.6	245.8	0.047	0.052
"DD05335178424"	3	"2025-09-03 21:35:00+00"	300	10	0	40	0	244.7	245.9	0	0
"DD05335178424"	4	"2025-09-03 21:35:00+00"	300	1	0	2	3	244.7	245.9	0	0
"DD05335178424"	5	"2025-09-03 21:35:00+00"	300	5	0	3	1	244.7	245.9	0	0
"DD05335178424"	6	"2025-09-03 21:35:00+00"	300	0	7	4	0	244.7	245.9	0	0
"DD05335178424"	1	"2025-09-03 21:40:00+00"	300	0	5946	55730	0	244.8	245.7	0.779	0.782
"DD05335178424"	2	"2025-09-03 21:40:00+00"	300	1990	0	0	516	244.7	245.6	0.046	0.052
"DD05335178424"	3	"2025-09-03 21:40:00+00"	300	8	0	37	0	244.8	245.7	0	0
"DD05335178424"	4	"2025-09-03 21:40:00+00"	300	5	1	1	2	244.8	245.7	0	0
"DD05335178424"	5	"2025-09-03 21:40:00+00"	300	3	0	5	1	244.8	245.7	0	0
"DD05335178424"	6	"2025-09-03 21:40:00+00"	300	0	8	5	0	244.8	245.8	0	0
"DD05335178424"	1	"2025-09-03 21:45:00+00"	300	0	15059	45085	0	242	245.6	0.597	0.783
"DD05335178424"	2	"2025-09-03 21:45:00+00"	300	1993	0	0	531	242	245.5	0.046	0.052
"DD05335178424"	3	"2025-09-03 21:45:00+00"	300	9	0	41	0	242.1	245.6	0	0
"DD05335178424"	4	"2025-09-03 21:45:00+00"	300	1	1	0	1	242.1	245.6	0	0
"DD05335178424"	5	"2025-09-03 21:45:00+00"	300	4	1	3	1	242	245.6	0	0
"DD05335178424"	6	"2025-09-03 21:45:00+00"	300	0	8	4	0	242.1	245.6	0	0
"DD05335178424"	1	"2025-09-03 21:50:00+00"	300	0	40791	8092	0	241.7	243.5	0.585	0.607
"DD05335178424"	2	"2025-09-03 21:50:00+00"	300	1991	0	0	495	241.7	243.4	0.046	0.053
"DD05335178424"	3	"2025-09-03 21:50:00+00"	300	14	0	46	0	241.8	243.5	0	0
"DD05335178424"	4	"2025-09-03 21:50:00+00"	300	1	1	2	2	241.8	243.5	0	0
"DD05335178424"	5	"2025-09-03 21:50:00+00"	300	3	1	3	1	241.7	243.5	0	0
"DD05335178424"	6	"2025-09-03 21:50:00+00"	300	0	9	6	0	241.8	243.6	0	0
"DD05335178424"	1	"2025-09-03 21:55:00+00"	300	0	40935	8084	0	243	243.9	0.594	0.609
"DD05335178424"	2	"2025-09-03 21:55:00+00"	300	1989	0	0	490	242.9	243.8	0.046	0.055
"DD05335178424"	3	"2025-09-03 21:55:00+00"	300	15	0	50	0	243	243.9	0	0
"DD05335178424"	4	"2025-09-03 21:55:00+00"	300	2	2	4	1	243	243.9	0	0
"DD05335178424"	5	"2025-09-03 21:55:00+00"	300	4	1	6	0	242.9	243.9	0	0
"DD05335178424"	6	"2025-09-03 21:55:00+00"	300	0	8	4	0	243	243.9	0	0
"DD05335178424"	1	"2025-09-03 22:00:00+00"	300	0	40399	8261	0	243.2	244	0.585	0.599
"DD05335178424"	2	"2025-09-03 22:00:00+00"	300	1990	0	0	533	243.1	243.9	0.045	0.053
"DD05335178424"	3	"2025-09-03 22:00:00+00"	300	11	0	48	0	243.2	244	0	0
"DD05335178424"	4	"2025-09-03 22:00:00+00"	300	2	1	1	0	243.2	244	0	0
"DD05335178424"	5	"2025-09-03 22:00:00+00"	300	5	0	4	0	243.1	244	0	0
"DD05335178424"	6	"2025-09-03 22:00:00+00"	300	1	8	4	0	243.2	244.1	0	0
"DD05335178424"	1	"2025-09-03 22:05:00+00"	300	0	19680	36131	0	242.5	244.4	0.585	0.781
"DD05335178424"	2	"2025-09-03 22:05:00+00"	300	1986	0	0	520	242.4	244.3	0.046	0.053
"DD05335178424"	3	"2025-09-03 22:05:00+00"	300	11	0	40	0	242.6	244.4	0	0
"DD05335178424"	4	"2025-09-03 22:05:00+00"	300	2	1	0	2	242.5	244.5	0	0
"DD05335178424"	5	"2025-09-03 22:05:00+00"	300	7	1	1	1	242.5	244.4	0	0
"DD05335178424"	6	"2025-09-03 22:05:00+00"	300	0	7	2	1	242.6	244.5	0	0
"DD05335178424"	1	"2025-09-03 22:10:00+00"	300	0	5933	54695	0	242.1	243.3	0.77	0.776
"DD05335178424"	2	"2025-09-03 22:10:00+00"	300	1989	0	0	514	242	243.2	0.046	0.053
"DD05335178424"	3	"2025-09-03 22:10:00+00"	300	8	0	37	0	242.1	243.3	0	0
"DD05335178424"	4	"2025-09-03 22:10:00+00"	300	2	1	0	2	242.1	243.3	0	0
"DD05335178424"	5	"2025-09-03 22:10:00+00"	300	7	0	3	2	242.1	243.3	0	0
"DD05335178424"	6	"2025-09-03 22:10:00+00"	300	0	8	2	0	242.2	243.4	0	0
"DD05335178424"	1	"2025-09-03 22:15:00+00"	300	0	5916	54379	0	241.6	243.3	0.769	0.776
"DD05335178424"	2	"2025-09-03 22:15:00+00"	300	1989	0	0	501	241.5	243.2	0.047	0.055
"DD05335178424"	3	"2025-09-03 22:15:00+00"	300	8	0	38	0	241.6	243.3	0	0
"DD05335178424"	4	"2025-09-03 22:15:00+00"	300	3	0	0	4	241.6	243.3	0	0
"DD05335178424"	5	"2025-09-03 22:15:00+00"	300	3	0	3	0	241.6	243.3	0	0
"DD05335178424"	6	"2025-09-03 22:15:00+00"	300	0	8	4	0	241.7	243.3	0	0
"DD05335178424"	1	"2025-09-03 22:20:00+00"	300	0	5906	54076	0	241.3	242.1	0.769	0.773
"DD05335178424"	2	"2025-09-03 22:20:00+00"	300	1988	0	0	481	241.2	242.1	0.048	0.054
"DD05335178424"	3	"2025-09-03 22:20:00+00"	300	7	0	37	0	241.3	242.1	0	0
"DD05335178424"	4	"2025-09-03 22:20:00+00"	300	2	1	0	3	241.3	242.2	0	0
"DD05335178424"	5	"2025-09-03 22:20:00+00"	300	5	0	3	1	241.2	242.1	0	0
"DD05335178424"	6	"2025-09-03 22:20:00+00"	300	0	9	3	1	241.2	242.2	0	0
"DD05335178424"	1	"2025-09-03 22:25:00+00"	300	0	5900	53925	0	240.9	242.1	0.768	0.772
"DD05335178424"	2	"2025-09-03 22:25:00+00"	300	1988	0	0	478	240.8	242	0.048	0.054
"DD05335178424"	3	"2025-09-03 22:25:00+00"	300	9	0	35	0	240.9	242.1	0	0
"DD05335178424"	4	"2025-09-03 22:25:00+00"	300	2	0	1	3	240.9	242.1	0	0
"DD05335178424"	5	"2025-09-03 22:25:00+00"	300	6	0	3	1	240.9	242.1	0	0
"DD05335178424"	6	"2025-09-03 22:25:00+00"	300	0	8	1	1	240.9	242.1	0	0
"DD05335178424"	1	"2025-09-03 22:30:00+00"	300	0	26551	28514	32	240.5	242.6	0.587	0.775
"DD05335178424"	2	"2025-09-03 22:30:00+00"	300	1989	0	0	473	240.4	242.5	0.048	0.054
"DD05335178424"	3	"2025-09-03 22:30:00+00"	300	10	0	43	0	240.5	242.6	0	0
"DD05335178424"	4	"2025-09-03 22:30:00+00"	300	3	0	0	2	240.5	242.6	0	0
"DD05335178424"	5	"2025-09-03 22:30:00+00"	300	4	0	2	1	240.5	242.6	0	0
"DD05335178424"	6	"2025-09-03 22:30:00+00"	300	0	8	1	1	240.5	242.6	0	0
"DD05335178424"	1	"2025-09-03 22:35:00+00"	300	0	40897	8070	0	241.9	242.4	0.595	0.613
"DD05335178424"	2	"2025-09-03 22:35:00+00"	300	1987	0	0	511	241.8	242.4	0.047	0.056
"DD05335178424"	3	"2025-09-03 22:35:00+00"	300	13	0	44	0	241.9	242.5	0	0
"DD05335178424"	4	"2025-09-03 22:35:00+00"	300	2	2	0	2	241.9	242.5	0	0
"DD05335178424"	5	"2025-09-03 22:35:00+00"	300	3	0	2	3	241.9	242.4	0	0
"DD05335178424"	6	"2025-09-03 22:35:00+00"	300	0	10	4	0	241.9	242.5	0	0
"DD05335178424"	1	"2025-09-03 22:40:00+00"	300	0	40633	8035	0	242.2	242.9	0.593	0.604
"DD05335178424"	2	"2025-09-03 22:40:00+00"	300	1990	0	0	468	242.1	242.8	0.047	0.053
"DD05335178424"	3	"2025-09-03 22:40:00+00"	300	13	0	46	0	242.2	242.9	0	0
"DD05335178424"	4	"2025-09-03 22:40:00+00"	300	0	2	1	2	242.2	242.9	0	0
"DD05335178424"	5	"2025-09-03 22:40:00+00"	300	4	0	5	0	242.2	242.8	0	0
"DD05335178424"	6	"2025-09-03 22:40:00+00"	300	0	7	2	1	242.3	242.9	0	0
"DD05335178424"	1	"2025-09-03 22:45:00+00"	300	0	39896	8413	0	242.5	243	0.582	0.776
"DD05335178424"	2	"2025-09-03 22:45:00+00"	300	1991	0	0	489	242.4	242.9	0.046	0.052
"DD05335178424"	3	"2025-09-03 22:45:00+00"	300	12	0	48	0	242.5	243	0	0
"DD05335178424"	4	"2025-09-03 22:45:00+00"	300	2	0	2	1	242.5	243	0	0
"DD05335178424"	5	"2025-09-03 22:45:00+00"	300	5	1	3	0	242.4	243	0	0
"DD05335178424"	6	"2025-09-03 22:45:00+00"	300	0	9	2	2	242.5	243	0	0
"DD05335178424"	1	"2025-09-03 22:50:00+00"	300	0	5950	54744	0	242.7	243.5	0.773	0.778
"DD05335178424"	2	"2025-09-03 22:50:00+00"	300	1987	0	0	513	242.6	243.5	0.046	0.053
"DD05335178424"	3	"2025-09-03 22:50:00+00"	300	9	0	40	0	242.7	243.5	0	0
"DD05335178424"	4	"2025-09-03 22:50:00+00"	300	3	0	1	2	242.7	243.6	0	0
"DD05335178424"	5	"2025-09-03 22:50:00+00"	300	5	1	7	0	242.7	243.5	0	0
"DD05335178424"	6	"2025-09-03 22:50:00+00"	300	0	8	3	0	242.7	243.6	0	0
"DD05335178424"	1	"2025-09-03 22:55:00+00"	300	0	5938	54762	0	242.5	243.2	0.773	0.776
"DD05335178424"	2	"2025-09-03 22:55:00+00"	300	1983	0	0	524	242.4	243.2	0.044	0.052
"DD05335178424"	3	"2025-09-03 22:55:00+00"	300	6	0	38	0	242.5	243.2	0	0
"DD05335178424"	4	"2025-09-03 22:55:00+00"	300	1	2	0	2	242.5	243.2	0	0
"DD05335178424"	5	"2025-09-03 22:55:00+00"	300	4	0	4	0	242.5	243.2	0	0
"DD05335178424"	6	"2025-09-03 22:55:00+00"	300	0	10	6	0	242.6	243.3	0	0
"DD05335178424"	1	"2025-09-03 23:00:00+00"	300	0	5920	54586	0	242	243.1	0.768	0.775
"DD05335178424"	2	"2025-09-03 23:00:00+00"	300	1986	0	0	554	241.8	243	0.045	0.051
"DD05335178424"	3	"2025-09-03 23:00:00+00"	300	8	0	39	0	241.9	243.1	0	0
"DD05335178424"	4	"2025-09-03 23:00:00+00"	300	2	1	1	2	241.9	243.1	0	0
"DD05335178424"	5	"2025-09-03 23:00:00+00"	300	4	0	4	1	241.8	243.1	0	0
"DD05335178424"	6	"2025-09-03 23:00:00+00"	300	1	10	4	0	241.9	243.2	0	0
"DD05335178424"	1	"2025-09-03 23:05:00+00"	300	0	5917	54457	0	241.9	242.8	0.77	0.774
"DD05335178424"	2	"2025-09-03 23:05:00+00"	300	1986	0	0	531	241.8	242.7	0.046	0.051
"DD05335178424"	3	"2025-09-03 23:05:00+00"	300	7	0	39	0	241.9	242.8	0	0
"DD05335178424"	4	"2025-09-03 23:05:00+00"	300	1	0	2	1	241.9	242.8	0	0
"DD05335178424"	5	"2025-09-03 23:05:00+00"	300	7	1	4	0	241.9	242.7	0	0
"DD05335178424"	6	"2025-09-03 23:05:00+00"	300	0	8	3	1	241.9	242.8	0	0
"DD05335178424"	1	"2025-09-03 23:10:00+00"	300	0	5909	54601	0	242.2	242.9	0.771	0.775
"DD05335178424"	2	"2025-09-03 23:10:00+00"	300	1987	0	0	556	242.1	242.8	0.046	0.055
"DD05335178424"	3	"2025-09-03 23:10:00+00"	300	7	0	37	0	242.2	242.9	0	0
"DD05335178424"	4	"2025-09-03 23:10:00+00"	300	2	1	3	0	242.2	242.9	0	0
"DD05335178424"	5	"2025-09-03 23:10:00+00"	300	6	0	4	0	242.1	242.8	0	0
"DD05335178424"	6	"2025-09-03 23:10:00+00"	300	0	7	2	0	242.2	242.9	0	0
"DD05335178424"	1	"2025-09-03 23:15:00+00"	300	0	39612	11532	241	241.2	243.3	0.578	6.173
"DD05335178424"	2	"2025-09-03 23:15:00+00"	300	1988	0	0	535	241.1	243.3	0.046	0.053
"DD05335178424"	3	"2025-09-03 23:15:00+00"	300	10	0	44	0	241.2	243.3	0	0
"DD05335178424"	4	"2025-09-03 23:15:00+00"	300	3	0	0	1	241.2	243.4	0	0
"DD05335178424"	5	"2025-09-03 23:15:00+00"	300	5	0	3	0	241.2	243.3	0	0
"DD05335178424"	6	"2025-09-03 23:15:00+00"	300	0	9	2	1	241.3	243.4	0	0
"DD05335178424"	1	"2025-09-03 23:20:00+00"	300	0	40873	8076	0	243.1	244	0.592	0.604
"DD05335178424"	2	"2025-09-03 23:20:00+00"	300	1993	0	0	490	243	243.9	0.044	0.054
"DD05335178424"	3	"2025-09-03 23:20:00+00"	300	13	0	48	0	243.1	244	0	0
"DD05335178424"	4	"2025-09-03 23:20:00+00"	300	2	0	0	0	243.1	244	0	0
"DD05335178424"	5	"2025-09-03 23:20:00+00"	300	6	0	2	1	243	243.9	0	0
"DD05335178424"	6	"2025-09-03 23:20:00+00"	300	0	12	3	0	243.1	244	0	0
"DD05335178424"	1	"2025-09-03 23:25:00+00"	300	0	40377	8191	0	243.2	243.7	0.581	0.597
"DD05335178424"	2	"2025-09-03 23:25:00+00"	300	1988	0	0	521	243.1	243.7	0.046	0.052
"DD05335178424"	3	"2025-09-03 23:25:00+00"	300	13	0	46	0	243.2	243.8	0	0
"DD05335178424"	4	"2025-09-03 23:25:00+00"	300	3	0	1	1	243.2	243.8	0	0
"DD05335178424"	5	"2025-09-03 23:25:00+00"	300	6	0	2	0	243.2	243.8	0	0
"DD05335178424"	6	"2025-09-03 23:25:00+00"	300	0	6	3	0	243.3	243.8	0	0
"DD05335178424"	1	"2025-09-03 23:30:00+00"	300	0	24817	29027	0	243.3	243.7	0.58	0.778
"DD05335178424"	2	"2025-09-03 23:30:00+00"	300	1987	0	0	518	243.2	243.6	0.045	0.051
"DD05335178424"	3	"2025-09-03 23:30:00+00"	300	9	0	41	0	243.3	243.7	0	0
"DD05335178424"	4	"2025-09-03 23:30:00+00"	300	3	1	0	0	243.3	243.7	0	0
"DD05335178424"	5	"2025-09-03 23:30:00+00"	300	6	1	4	1	243.3	243.6	0	0
"DD05335178424"	6	"2025-09-03 23:30:00+00"	300	0	9	3	0	243.3	243.7	0	0
"DD05335178424"	1	"2025-09-03 23:35:00+00"	300	0	5951	54763	0	242.6	243.6	0.773	0.778
"DD05335178424"	2	"2025-09-03 23:35:00+00"	300	1988	0	0	521	242.5	243.6	0.045	0.051
"DD05335178424"	3	"2025-09-03 23:35:00+00"	300	6	0	36	0	242.6	243.6	0	0
"DD05335178424"	4	"2025-09-03 23:35:00+00"	300	3	0	0	2	242.6	243.6	0	0
"DD05335178424"	5	"2025-09-03 23:35:00+00"	300	5	1	4	0	242.6	243.6	0	0
"DD05335178424"	6	"2025-09-03 23:35:00+00"	300	0	10	2	2	242.6	243.7	0	0
"DD05335178424"	1	"2025-09-03 23:40:00+00"	300	0	5925	54589	0	242.1	243.4	0.771	0.776
"DD05335178424"	2	"2025-09-03 23:40:00+00"	300	1987	0	0	534	242.1	243.3	0.044	0.051
"DD05335178424"	3	"2025-09-03 23:40:00+00"	300	6	0	36	0	242.1	243.4	0	0
"DD05335178424"	4	"2025-09-03 23:40:00+00"	300	2	0	0	3	242.1	243.4	0	0
"DD05335178424"	5	"2025-09-03 23:40:00+00"	300	5	0	6	0	242.1	243.3	0	0
"DD05335178424"	6	"2025-09-03 23:40:00+00"	300	0	10	3	0	242.2	243.4	0	0
"DD05335178424"	1	"2025-09-03 23:45:00+00"	300	0	5937	54672	0	242.6	243.6	0.773	0.778
"DD05335178424"	2	"2025-09-03 23:45:00+00"	300	1987	0	0	496	242.6	243.5	0.045	0.052
"DD05335178424"	3	"2025-09-03 23:45:00+00"	300	6	0	40	0	242.6	243.6	0	0
"DD05335178424"	4	"2025-09-03 23:45:00+00"	300	3	0	0	1	242.6	243.7	0	0
"DD05335178424"	5	"2025-09-03 23:45:00+00"	300	4	0	3	0	242.6	243.6	0	0
"DD05335178424"	6	"2025-09-03 23:45:00+00"	300	0	9	4	1	242.7	243.7	0	0
"DD05335178424"	1	"2025-09-03 23:50:00+00"	300	0	5936	54682	0	242.7	243.6	0.773	0.778
"DD05335178424"	2	"2025-09-03 23:50:00+00"	300	1986	0	0	496	242.6	243.5	0.045	0.05
"DD05335178424"	3	"2025-09-03 23:50:00+00"	300	9	0	39	0	242.7	243.6	0	0
"DD05335178424"	4	"2025-09-03 23:50:00+00"	300	3	0	2	1	242.7	243.6	0	0
"DD05335178424"	5	"2025-09-03 23:50:00+00"	300	2	0	3	0	242.6	243.5	0	0
"DD05335178424"	6	"2025-09-03 23:50:00+00"	300	0	11	2	1	242.7	243.6	0	0
"DD05335178424"	1	"2025-09-03 23:55:00+00"	300	0	19033	38862	53	241.4	243	0.582	0.776
"DD05335178424"	2	"2025-09-03 23:55:00+00"	300	1987	0	0	490	241.3	242.9	0.046	0.052
"DD05335178424"	3	"2025-09-03 23:55:00+00"	300	8	0	39	0	241.4	243	0	0
"DD05335178424"	4	"2025-09-03 23:55:00+00"	300	3	0	2	1	241.4	243	0	0
"DD05335178424"	5	"2025-09-03 23:55:00+00"	300	0	1	4	0	241.4	242.9	0	0
"DD05335178424"	6	"2025-09-03 23:55:00+00"	300	0	10	2	0	241.5	243	0	0
"DD05335178424"	1	"2025-09-04 00:00:00+00"	300	0	40610	8068	0	241.5	242.3	0.588	0.606
"DD05335178424"	2	"2025-09-04 00:00:00+00"	300	1986	0	0	516	241.5	242.2	0.045	0.051
"DD05335178424"	3	"2025-09-04 00:00:00+00"	300	14	0	47	0	241.5	242.3	0	0
"DD05335178424"	4	"2025-09-04 00:00:00+00"	300	3	1	1	2	241.5	242.3	0	0
"DD05335178424"	5	"2025-09-04 00:00:00+00"	300	2	0	4	0	241.5	242.3	0	0
"DD05335178424"	6	"2025-09-04 00:00:00+00"	300	0	10	3	0	241.6	242.3	0	0
"DD05335178424"	1	"2025-09-04 00:05:00+00"	300	0	40594	8046	0	242.2	244	0.59	0.612
"DD05335178424"	2	"2025-09-04 00:05:00+00"	300	1989	0	0	502	242.1	243.9	0.046	0.05
"DD05335178424"	3	"2025-09-04 00:05:00+00"	300	10	0	48	0	242.2	244	0	0
"DD05335178424"	4	"2025-09-04 00:05:00+00"	300	1	2	1	1	242.3	244	0	0
"DD05335178424"	5	"2025-09-04 00:05:00+00"	300	3	1	2	0	242.2	244	0	0
"DD05335178424"	6	"2025-09-04 00:05:00+00"	300	0	10	4	0	242.3	244	0	0
"DD05335178424"	1	"2025-09-04 00:10:00+00"	300	0	40082	8167	0	243.5	244	0.575	0.611
"DD05335178424"	2	"2025-09-04 00:10:00+00"	300	1990	0	0	510	243.4	244	0.044	0.051
"DD05335178424"	3	"2025-09-04 00:10:00+00"	300	12	0	48	0	243.6	244.1	0	0
"DD05335178424"	4	"2025-09-04 00:10:00+00"	300	2	0	3	0	243.6	244.1	0	0
"DD05335178424"	5	"2025-09-04 00:10:00+00"	300	4	0	3	0	243.5	244	0	0
"DD05335178424"	6	"2025-09-04 00:10:00+00"	300	0	10	4	0	243.6	244.1	0	0
"DD05335178424"	1	"2025-09-04 00:15:00+00"	300	0	8007	51692	0	242.2	243.8	0.578	0.778
"DD05335178424"	2	"2025-09-04 00:15:00+00"	300	1988	0	0	554	242.1	243.7	0.044	0.051
"DD05335178424"	3	"2025-09-04 00:15:00+00"	300	8	0	39	0	242.2	243.8	0	0
"DD05335178424"	4	"2025-09-04 00:15:00+00"	300	2	0	2	0	242.2	243.8	0	0
"DD05335178424"	5	"2025-09-04 00:15:00+00"	300	3	0	4	0	242.2	243.8	0	0
"DD05335178424"	6	"2025-09-04 00:15:00+00"	300	0	10	2	0	242.2	243.8	0	0
"DD05335178424"	1	"2025-09-04 00:20:00+00"	300	0	5924	54215	0	241.2	242.7	0.768	0.775
"DD05335178424"	2	"2025-09-04 00:20:00+00"	300	1984	0	0	530	241.1	242.7	0.044	0.051
"DD05335178424"	3	"2025-09-04 00:20:00+00"	300	8	0	39	0	241.2	242.7	0	0
"DD05335178424"	4	"2025-09-04 00:20:00+00"	300	1	1	1	1	241.2	242.8	0	0
"DD05335178424"	5	"2025-09-04 00:20:00+00"	300	2	0	6	0	241.1	242.7	0	0
"DD05335178424"	6	"2025-09-04 00:20:00+00"	300	0	7	3	0	241.2	242.8	0	0
"DD05335178424"	1	"2025-09-04 00:25:00+00"	300	0	5930	54453	0	241.3	243.2	0.769	0.776
"DD05335178424"	2	"2025-09-04 00:25:00+00"	300	1986	0	0	493	241.2	243.1	0.044	0.05
"DD05335178424"	3	"2025-09-04 00:25:00+00"	300	6	0	38	0	241.3	243.2	0	0
"DD05335178424"	4	"2025-09-04 00:25:00+00"	300	4	0	1	0	241.3	243.2	0	0
"DD05335178424"	5	"2025-09-04 00:25:00+00"	300	5	1	4	0	241.3	243.1	0	0
"DD05335178424"	6	"2025-09-04 00:25:00+00"	300	0	10	2	1	241.4	243.2	0	0
"DD05335178424"	1	"2025-09-04 00:30:00+00"	300	0	5932	54705	0	242.8	244	0.772	0.78
"DD05335178424"	2	"2025-09-04 00:30:00+00"	300	1986	0	0	493	242.7	243.9	0.045	0.05
"DD05335178424"	3	"2025-09-04 00:30:00+00"	300	8	0	37	0	242.8	244	0	0
"DD05335178424"	4	"2025-09-04 00:30:00+00"	300	3	1	1	2	242.8	244	0	0
"DD05335178424"	5	"2025-09-04 00:30:00+00"	300	6	0	3	0	242.8	244	0	0
"DD05335178424"	6	"2025-09-04 00:30:00+00"	300	0	8	4	0	242.9	244.1	0	0
"DD05335178424"	1	"2025-09-04 00:35:00+00"	300	0	5948	54942	0	243.3	244.3	0.776	0.785
"DD05335178424"	2	"2025-09-04 00:35:00+00"	300	1991	0	0	470	243.3	244.2	0.045	0.05
"DD05335178424"	3	"2025-09-04 00:35:00+00"	300	5	0	37	0	243.4	244.3	0	0
"DD05335178424"	4	"2025-09-04 00:35:00+00"	300	2	0	0	3	243.4	244.3	0	0
"DD05335178424"	5	"2025-09-04 00:35:00+00"	300	5	1	1	1	243.3	244.2	0	0
"DD05335178424"	6	"2025-09-04 00:35:00+00"	300	0	9	2	2	243.4	244.3	0	0
"DD05335178424"	1	"2025-09-04 00:40:00+00"	300	0	35109	17587	0	242.8	244.3	0.579	5.51
"DD05335178424"	2	"2025-09-04 00:40:00+00"	300	1988	0	0	521	242.7	244.2	0.044	0.051
"DD05335178424"	3	"2025-09-04 00:40:00+00"	300	11	0	44	0	242.8	244.3	0	0
"DD05335178424"	4	"2025-09-04 00:40:00+00"	300	1	1	1	1	242.8	244.3	0	0
"DD05335178424"	5	"2025-09-04 00:40:00+00"	300	8	0	6	0	242.8	244.3	0	0
"DD05335178424"	6	"2025-09-04 00:40:00+00"	300	0	8	1	1	242.9	244.3	0	0
"DD05335178424"	1	"2025-09-04 00:45:00+00"	300	0	40798	8128	0	243.4	244	0.592	0.604
"DD05335178424"	2	"2025-09-04 00:45:00+00"	300	1992	0	0	518	243.3	243.9	0.044	0.049
"DD05335178424"	3	"2025-09-04 00:45:00+00"	300	12	0	44	0	243.4	244	0	0
"DD05335178424"	4	"2025-09-04 00:45:00+00"	300	1	2	1	2	243.4	244	0	0
"DD05335178424"	5	"2025-09-04 00:45:00+00"	300	5	1	5	0	243.4	244	0	0
"DD05335178424"	6	"2025-09-04 00:45:00+00"	300	0	12	1	1	243.4	244	0	0
"DD05335178424"	1	"2025-09-04 00:50:00+00"	300	0	40356	8183	0	243.4	244	0.58	0.601
"DD05335178424"	2	"2025-09-04 00:50:00+00"	300	1988	0	0	550	243.3	243.9	0.043	0.051
"DD05335178424"	3	"2025-09-04 00:50:00+00"	300	12	0	48	0	243.4	243.9	0	0
"DD05335178424"	4	"2025-09-04 00:50:00+00"	300	1	1	0	2	243.4	244	0	0
"DD05335178424"	5	"2025-09-04 00:50:00+00"	300	6	0	3	0	243.3	243.9	0	0
"DD05335178424"	6	"2025-09-04 00:50:00+00"	300	0	9	3	1	243.4	244	0	0
"DD05335178424"	1	"2025-09-04 00:55:00+00"	300	0	24762	29153	0	243.1	243.8	0.568	0.778
"DD05335178424"	2	"2025-09-04 00:55:00+00"	300	1987	0	0	573	243	243.7	0.045	0.052
"DD05335178424"	3	"2025-09-04 00:55:00+00"	300	12	0	40	0	243.1	243.8	0	0
"DD05335178424"	4	"2025-09-04 00:55:00+00"	300	1	0	0	2	243.1	243.8	0	0
"DD05335178424"	5	"2025-09-04 00:55:00+00"	300	2	1	3	0	243	243.8	0	0
"DD05335178424"	6	"2025-09-04 00:55:00+00"	300	0	8	4	0	243	243.8	0	0
"DD05335178424"	1	"2025-09-04 01:00:00+00"	300	0	5960	55195	0	243.6	244.4	0.775	0.781
"DD05335178424"	2	"2025-09-04 01:00:00+00"	300	1985	0	0	538	243.5	244.3	0.044	0.052
"DD05335178424"	3	"2025-09-04 01:00:00+00"	300	6	0	40	0	243.6	244.4	0	0
"DD05335178424"	4	"2025-09-04 01:00:00+00"	300	2	0	2	1	243.6	244.4	0	0
"DD05335178424"	5	"2025-09-04 01:00:00+00"	300	3	2	3	2	243.6	244.4	0	0
"DD05335178424"	6	"2025-09-04 01:00:00+00"	300	0	9	3	0	243.7	244.4	0	0
"DD05335178424"	1	"2025-09-04 01:05:00+00"	300	0	5941	54995	0	243.2	244.3	0.775	0.779
"DD05335178424"	2	"2025-09-04 01:05:00+00"	300	1988	0	0	514	243.1	244.2	0.044	0.05
"DD05335178424"	3	"2025-09-04 01:05:00+00"	300	6	0	38	0	243.2	244.3	0	0
"DD05335178424"	4	"2025-09-04 01:05:00+00"	300	1	0	2	1	243.2	244.3	0	0
"DD05335178424"	5	"2025-09-04 01:05:00+00"	300	3	1	6	0	243.1	244.3	0	0
"DD05335178424"	6	"2025-09-04 01:05:00+00"	300	0	10	3	0	243.2	244.3	0	0
"DD05335178424"	1	"2025-09-04 01:10:00+00"	300	0	5935	54944	0	243.4	244.4	0.777	0.781
"DD05335178424"	2	"2025-09-04 01:10:00+00"	300	1987	0	0	501	243.3	244.4	0.044	0.05
"DD05335178424"	3	"2025-09-04 01:10:00+00"	300	7	0	39	0	243.4	244.5	0	0
"DD05335178424"	4	"2025-09-04 01:10:00+00"	300	2	0	1	1	243.4	244.5	0	0
"DD05335178424"	5	"2025-09-04 01:10:00+00"	300	2	0	3	0	243.4	244.4	0	0
"DD05335178424"	6	"2025-09-04 01:10:00+00"	300	0	12	2	0	243.4	244.5	0	0
"DD05335178424"	1	"2025-09-04 01:15:00+00"	300	0	5942	55198	0	244	244.5	0.777	0.781
"DD05335178424"	2	"2025-09-04 01:15:00+00"	300	1988	0	0	504	243.9	244.4	0.045	0.05
"DD05335178424"	3	"2025-09-04 01:15:00+00"	300	7	0	38	0	244	244.5	0	0
"DD05335178424"	4	"2025-09-04 01:15:00+00"	300	3	0	1	2	244	244.5	0	0
"DD05335178424"	5	"2025-09-04 01:15:00+00"	300	3	1	4	0	243.9	244.5	0	0
"DD05335178424"	6	"2025-09-04 01:15:00+00"	300	0	9	2	0	244	244.5	0	0
"DD05335178424"	1	"2025-09-04 01:20:00+00"	300	0	16727	42643	0	243.9	244.6	0.582	1.256
"DD05335178424"	2	"2025-09-04 01:20:00+00"	300	1990	0	0	522	243.8	244.5	0.045	0.05
"DD05335178424"	3	"2025-09-04 01:20:00+00"	300	12	0	42	0	243.9	244.7	0	0
"DD05335178424"	4	"2025-09-04 01:20:00+00"	300	2	1	2	1	243.9	244.7	0	0
"DD05335178424"	5	"2025-09-04 01:20:00+00"	300	4	1	2	0	243.9	244.6	0	0
"DD05335178424"	6	"2025-09-04 01:20:00+00"	300	0	11	4	1	243.9	244.7	0	0
"DD05335178424"	1	"2025-09-04 01:25:00+00"	300	0	40665	8179	0	243.1	244.2	0.584	0.601
"DD05335178424"	2	"2025-09-04 01:25:00+00"	300	1986	0	0	531	243.1	244.1	0.043	0.049
"DD05335178424"	3	"2025-09-04 01:25:00+00"	300	14	0	49	0	243.2	244.2	0	0
"DD05335178424"	4	"2025-09-04 01:25:00+00"	300	1	0	1	1	243.2	244.2	0	0
"DD05335178424"	5	"2025-09-04 01:25:00+00"	300	4	1	3	0	243.1	244.2	0	0
"DD05335178424"	6	"2025-09-04 01:25:00+00"	300	0	10	5	2	243.2	244.2	0	0
"DD05335178424"	1	"2025-09-04 01:30:00+00"	300	0	40528	8202	0	242.7	243.5	0.574	0.598
"DD05335178424"	2	"2025-09-04 01:30:00+00"	300	1985	0	0	589	242.6	243.4	0.043	0.051
"DD05335178424"	3	"2025-09-04 01:30:00+00"	300	12	0	50	0	242.7	243.5	0	0
"DD05335178424"	4	"2025-09-04 01:30:00+00"	300	1	1	3	1	242.7	243.5	0	0
"DD05335178424"	5	"2025-09-04 01:30:00+00"	300	4	0	5	0	242.6	243.5	0	0
"DD05335178424"	6	"2025-09-04 01:30:00+00"	300	0	9	2	0	242.7	243.5	0	0
"DD05335178424"	1	"2025-09-04 01:35:00+00"	300	0	39912	8177	0	242.9	243.5	0.578	0.588
"DD05335178424"	2	"2025-09-04 01:35:00+00"	300	1987	0	0	564	242.8	243.5	0.044	0.052
"DD05335178424"	3	"2025-09-04 01:35:00+00"	300	14	0	46	0	242.9	243.5	0	0
"DD05335178424"	4	"2025-09-04 01:35:00+00"	300	4	0	2	2	242.9	243.6	0	0
"DD05335178424"	5	"2025-09-04 01:35:00+00"	300	4	1	4	1	242.8	243.5	0	0
"DD05335178424"	6	"2025-09-04 01:35:00+00"	300	0	8	3	1	242.9	243.6	0	0
"DD05335178424"	1	"2025-09-04 01:40:00+00"	300	0	6570	54119	0	243	243.9	0.582	0.778
"DD05335178424"	2	"2025-09-04 01:40:00+00"	300	1988	0	0	553	242.9	243.8	0.044	0.052
"DD05335178424"	3	"2025-09-04 01:40:00+00"	300	11	0	36	0	243	243.9	0	0
"DD05335178424"	4	"2025-09-04 01:40:00+00"	300	4	1	0	1	243	243.9	0	0
"DD05335178424"	5	"2025-09-04 01:40:00+00"	300	6	0	3	1	243	243.9	0	0
"DD05335178424"	6	"2025-09-04 01:40:00+00"	300	0	8	3	0	243	243.9	0	0
"DD05335178424"	1	"2025-09-04 01:45:00+00"	300	0	5943	55163	0	243.6	244.3	0.775	0.779
"DD05335178424"	2	"2025-09-04 01:45:00+00"	300	1985	0	0	546	243.6	244.2	0.045	0.05
"DD05335178424"	3	"2025-09-04 01:45:00+00"	300	7	0	40	0	243.7	244.3	0	0
"DD05335178424"	4	"2025-09-04 01:45:00+00"	300	4	0	1	1	243.7	244.3	0	0
"DD05335178424"	5	"2025-09-04 01:45:00+00"	300	5	0	3	1	243.6	244.2	0	0
"DD05335178424"	6	"2025-09-04 01:45:00+00"	300	0	8	2	1	243.7	244.3	0	0
"DD05335178424"	1	"2025-09-04 01:50:00+00"	300	0	5945	55328	0	244.1	245	0.778	0.782
"DD05335178424"	2	"2025-09-04 01:50:00+00"	300	1992	0	0	500	244	244.9	0.046	0.052
"DD05335178424"	3	"2025-09-04 01:50:00+00"	300	7	0	39	0	244.1	245	0	0
"DD05335178424"	4	"2025-09-04 01:50:00+00"	300	2	0	1	2	244.2	245	0	0
"DD05335178424"	5	"2025-09-04 01:50:00+00"	300	6	0	2	1	244.1	244.9	0	0
"DD05335178424"	6	"2025-09-04 01:50:00+00"	300	0	7	3	1	244.2	245	0	0
"DD05335178424"	1	"2025-09-04 01:55:00+00"	300	0	5949	55551	0	244.4	245.3	0.778	0.784
"DD05335178424"	2	"2025-09-04 01:55:00+00"	300	1989	0	0	535	244.3	245.2	0.045	0.051
"DD05335178424"	3	"2025-09-04 01:55:00+00"	300	5	0	39	0	244.4	245.3	0	0
"DD05335178424"	4	"2025-09-04 01:55:00+00"	300	3	0	1	3	244.4	245.3	0	0
"DD05335178424"	5	"2025-09-04 01:55:00+00"	300	6	0	4	1	244.4	245.3	0	0
"DD05335178424"	6	"2025-09-04 01:55:00+00"	300	0	8	2	1	244.4	245.4	0	0
"DD05335178424"	1	"2025-09-04 02:00:00+00"	300	0	5943	55740	0	244.8	245.4	0.779	0.783
"DD05335178424"	2	"2025-09-04 02:00:00+00"	300	1990	0	0	550	244.7	245.3	0.045	0.051
"DD05335178424"	3	"2025-09-04 02:00:00+00"	300	8	0	36	0	244.8	245.4	0	0
"DD05335178424"	4	"2025-09-04 02:00:00+00"	300	2	1	1	2	244.8	245.4	0	0
"DD05335178424"	5	"2025-09-04 02:00:00+00"	300	5	0	3	1	244.7	245.4	0	0
"DD05335178424"	6	"2025-09-04 02:00:00+00"	300	0	10	3	1	244.8	245.4	0	0
"DD05335178424"	1	"2025-09-04 02:05:00+00"	300	0	34055	19072	48	244.1	245.2	0.577	0.782
"DD05335178424"	2	"2025-09-04 02:05:00+00"	300	1987	0	0	540	244	245.1	0.043	0.05
"DD05335178424"	3	"2025-09-04 02:05:00+00"	300	12	0	45	0	244.1	245.2	0	0
"DD05335178424"	4	"2025-09-04 02:05:00+00"	300	3	0	1	3	244.1	245.2	0	0
"DD05335178424"	5	"2025-09-04 02:05:00+00"	300	5	1	6	2	244.1	245.1	0	0
"DD05335178424"	6	"2025-09-04 02:05:00+00"	300	0	10	4	0	244.1	245.2	0	0
"DD05335178424"	1	"2025-09-04 02:10:00+00"	300	0	40700	8196	0	244	245.1	0.587	0.598
"DD05335178424"	2	"2025-09-04 02:10:00+00"	300	1989	0	0	547	243.9	245	0.045	0.052
"DD05335178424"	3	"2025-09-04 02:10:00+00"	300	15	0	47	0	244	245.2	0	0
"DD05335178424"	4	"2025-09-04 02:10:00+00"	300	1	0	1	2	244	245.2	0	0
"DD05335178424"	5	"2025-09-04 02:10:00+00"	300	4	1	3	1	243.9	245.1	0	0
"DD05335178424"	6	"2025-09-04 02:10:00+00"	300	0	10	3	1	244	245.2	0	0
"DD05335178424"	1	"2025-09-04 02:15:00+00"	300	0	40257	8239	0	243.8	244.2	0.581	0.594
"DD05335178424"	2	"2025-09-04 02:15:00+00"	300	1989	0	0	532	243.7	244.2	0.046	0.053
"DD05335178424"	3	"2025-09-04 02:15:00+00"	300	12	0	48	0	243.8	244.2	0	0
"DD05335178424"	4	"2025-09-04 02:15:00+00"	300	3	1	0	2	243.8	244.2	0	0
"DD05335178424"	5	"2025-09-04 02:15:00+00"	300	2	1	2	0	243.7	244.2	0	0
"DD05335178424"	6	"2025-09-04 02:15:00+00"	300	0	7	6	0	243.8	244.3	0	0
"DD05335178424"	1	"2025-09-04 02:20:00+00"	300	0	22355	32455	0	243.4	244.2	0.579	0.779
"DD05335178424"	2	"2025-09-04 02:20:00+00"	300	1989	0	0	515	243.3	244.1	0.046	0.054
"DD05335178424"	3	"2025-09-04 02:20:00+00"	300	11	0	43	0	243.4	244.2	0	0
"DD05335178424"	4	"2025-09-04 02:20:00+00"	300	1	1	1	2	243.4	244.2	0	0